MEME version 4

ALPHABET= ACGT

strands: + -

Background letter frequencies (from uniform background):
A 0.25000 C 0.25000 G 0.25000 T 0.25000 

MOTIF MA0528.1 ZNF263
 
 letter-probability matrix: alength= 4 w= 21 nsites= 15235 E= 0
   0.155300	  0.019232	  0.727141	  0.098326	
   0.301674	  0.000000	  0.698326	  0.000000	
   0.729767	  0.000000	  0.183919	  0.086314	
   0.029734	  0.000000	  0.907056	  0.063210	
   0.066360	  0.114079	  0.816803	  0.002757	
   0.913620	  0.036167	  0.002822	  0.047391	
   0.102987	  0.055399	  0.738563	  0.103052	
   0.101871	  0.093666	  0.751625	  0.052839	
   0.532524	  0.063538	  0.361864	  0.042074	
   0.336856	  0.101280	  0.462225	  0.099639	
   0.203216	  0.070167	  0.621661	  0.104956	
   0.433082	  0.038727	  0.441746	  0.086446	
   0.274040	  0.040696	  0.584378	  0.100886	
   0.269511	  0.106203	  0.593502	  0.030784	
   0.521365	  0.062356	  0.313751	  0.102527	
   0.250935	  0.000066	  0.634001	  0.114998	
   0.205579	  0.000000	  0.751165	  0.043256	
   0.545126	  0.000000	  0.386741	  0.068133	
   0.343026	  0.014375	  0.585691	  0.056908	
   0.266951	  0.042665	  0.644503	  0.045881	
   0.476797	  0.059534	  0.403085	  0.060584	
 
 URL http://jaspar.genereg.net?ID=MA0528.1&rm=present&collection=CORE
 

MOTIF MA0554.1 SOC1
 
 letter-probability matrix: alength= 4 w= 21 nsites= 806 E= 0
   0.000000	  0.259305	  0.142680	  0.598015	
   0.000000	  0.260546	  0.167494	  0.571960	
   0.040943	  0.208437	  0.000000	  0.750620	
   0.000000	  0.404467	  0.054591	  0.540943	
   0.172457	  0.155087	  0.147643	  0.524814	
   0.096774	  0.276675	  0.117866	  0.508685	
   0.000000	  0.255583	  0.028536	  0.715881	
   0.096774	  0.189826	  0.152605	  0.560794	
   0.079404	  0.000000	  0.007444	  0.913151	
   0.000000	  0.326303	  0.122829	  0.550868	
   0.073201	  0.111663	  0.070720	  0.744417	
   0.000000	  0.320099	  0.166253	  0.513648	
   0.000000	  0.223325	  0.012407	  0.764268	
   0.000000	  0.425558	  0.096774	  0.477667	
   0.060794	  0.000000	  0.142680	  0.796526	
   0.145161	  0.354839	  0.000000	  0.500000	
   0.000000	  0.150124	  0.000000	  0.849876	
   0.040943	  0.258065	  0.079404	  0.621588	
   0.017370	  0.235732	  0.000000	  0.746898	
   0.098015	  0.297767	  0.121588	  0.482630	
   0.156328	  0.168734	  0.182382	  0.492556	
 
 URL http://jaspar.genereg.net?ID=MA0554.1&rm=present&collection=CORE
 

MOTIF MA0969.1 CMTA2
 
 letter-probability matrix: alength= 4 w= 9 nsites= 1000 E= 0
   0.313000	  0.203000	  0.220000	  0.264000	
   0.327000	  0.237000	  0.176000	  0.260000	
   0.393000	  0.121000	  0.243000	  0.243000	
   0.220000	  0.438000	  0.306000	  0.036000	
   0.026000	  0.955000	  0.008000	  0.011000	
   0.018000	  0.011000	  0.970000	  0.001000	
   0.031000	  0.682000	  0.007000	  0.280000	
   0.008000	  0.007000	  0.970000	  0.015000	
   0.007000	  0.011000	  0.054000	  0.928000	
 
 URL http://jaspar.genereg.net?ID=MA0969.1&rm=present&collection=CORE
 

MOTIF MA0543.1 eor-1
 
 letter-probability matrix: alength= 4 w= 15 nsites= 1253 E= 0
   0.350359	  0.134876	  0.340782	  0.173982	
   0.364725	  0.106145	  0.396648	  0.132482	
   0.749401	  0.071030	  0.133280	  0.046289	
   0.106145	  0.001596	  0.888268	  0.003990	
   0.962490	  0.000798	  0.000000	  0.036712	
   0.079808	  0.000000	  0.898643	  0.021548	
   0.920192	  0.009577	  0.055866	  0.014366	
   0.209098	  0.476457	  0.254589	  0.059856	
   0.342378	  0.035116	  0.553871	  0.068635	
   0.189146	  0.436552	  0.321628	  0.052674	
   0.944932	  0.032721	  0.022346	  0.000000	
   0.059058	  0.022346	  0.918595	  0.000000	
   0.933759	  0.002394	  0.059058	  0.004789	
   0.161213	  0.268156	  0.547486	  0.023144	
   0.777334	  0.020750	  0.146848	  0.055068	
 
 URL http://jaspar.genereg.net?ID=MA0543.1&rm=present&collection=CORE
 

MOTIF MA0345.1 NHP6A
 
 letter-probability matrix: alength= 4 w= 21 nsites= 998 E= 0
   0.306306	  0.279279	  0.214214	  0.200200	
   0.242485	  0.217435	  0.083166	  0.456914	
   0.236473	  0.153307	  0.311623	  0.298597	
   0.380762	  0.212425	  0.151303	  0.255511	
   0.285571	  0.333667	  0.099198	  0.281563	
   0.104208	  0.517034	  0.049098	  0.329659	
   0.339679	  0.130261	  0.071142	  0.458918	
   0.491984	  0.250501	  0.064128	  0.193387	
   0.114114	  0.024024	  0.006006	  0.855856	
   0.905717	  0.010030	  0.026078	  0.058175	
   0.126253	  0.029058	  0.008016	  0.836673	
   0.848697	  0.016032	  0.043086	  0.092184	
   0.057114	  0.042084	  0.028056	  0.872745	
   0.747495	  0.016032	  0.020040	  0.216433	
   0.650651	  0.030030	  0.153153	  0.166166	
   0.377756	  0.136273	  0.137275	  0.348697	
   0.376128	  0.138415	  0.138415	  0.347041	
   0.416834	  0.111222	  0.172345	  0.299599	
   0.286573	  0.154309	  0.124248	  0.434870	
   0.313627	  0.147295	  0.314629	  0.224449	
   0.329659	  0.289579	  0.096192	  0.284569	
 
 URL http://jaspar.genereg.net?ID=MA0345.1&rm=present&collection=CORE
 

MOTIF MA0379.1 MOT2
 
 letter-probability matrix: alength= 4 w= 5 nsites= 99 E= 0
   0.930000	  0.020000	  0.000000	  0.050000	
   0.000000	  0.000000	  0.000000	  1.000000	
   1.000000	  0.000000	  0.000000	  0.000000	
   0.000000	  0.000000	  0.000000	  1.000000	
   1.000000	  0.000000	  0.000000	  0.000000	
 
 URL http://jaspar.genereg.net?ID=MA0379.1&rm=present&collection=CORE
 

MOTIF MA0970.1 CMTA3
 
 letter-probability matrix: alength= 4 w= 9 nsites= 1000 E= 0
   0.233000	  0.540000	  0.184000	  0.043000	
   0.013986	  0.973027	  0.004995	  0.007992	
   0.032000	  0.000000	  0.962000	  0.006000	
   0.068000	  0.664000	  0.001000	  0.267000	
   0.037000	  0.000000	  0.963000	  0.000000	
   0.001000	  0.001000	  0.000000	  0.998000	
   0.230769	  0.273726	  0.210789	  0.284715	
   0.290000	  0.247000	  0.250000	  0.213000	
   0.240759	  0.257742	  0.250749	  0.250749	
 
 URL http://jaspar.genereg.net?ID=MA0970.1&rm=present&collection=CORE
 

MOTIF MA0386.1 SPT15
 
 letter-probability matrix: alength= 4 w= 21 nsites= 998 E= 0
   0.277834	  0.250752	  0.387161	  0.084253	
   0.337675	  0.191383	  0.147295	  0.323647	
   0.253253	  0.345345	  0.088088	  0.313313	
   0.160321	  0.200401	  0.154309	  0.484970	
   0.546092	  0.139279	  0.154309	  0.160321	
   0.115230	  0.098196	  0.702405	  0.084168	
   0.287575	  0.198397	  0.266533	  0.247495	
   0.332665	  0.110220	  0.027054	  0.530060	
   0.908818	  0.007014	  0.025050	  0.059118	
   0.012036	  0.007021	  0.023069	  0.957874	
   0.981982	  0.002002	  0.004004	  0.012012	
   0.038076	  0.001002	  0.005010	  0.955912	
   0.971944	  0.002004	  0.006012	  0.020040	
   0.044088	  0.004008	  0.003006	  0.948898	
   0.884770	  0.010020	  0.024048	  0.081162	
   0.186186	  0.062062	  0.094094	  0.657658	
   0.264529	  0.122244	  0.129259	  0.483968	
   0.137275	  0.380762	  0.369739	  0.112224	
   0.266266	  0.228228	  0.384384	  0.121121	
   0.350350	  0.176176	  0.172172	  0.301301	
   0.248746	  0.193581	  0.270812	  0.286861	
 
 URL http://jaspar.genereg.net?ID=MA0386.1&rm=present&collection=CORE
 

MOTIF MA1099.1 Hes1
 
 letter-probability matrix: alength= 4 w= 10 nsites= 1000 E= 0
   0.187000	  0.258000	  0.377000	  0.178000	
   0.209000	  0.299000	  0.396000	  0.096000	
   0.040000	  0.875000	  0.014000	  0.071000	
   0.743744	  0.033033	  0.141141	  0.082082	
   0.029000	  0.833000	  0.056000	  0.082000	
   0.164835	  0.040959	  0.768232	  0.025974	
   0.115884	  0.469530	  0.066933	  0.347652	
   0.058000	  0.113000	  0.661000	  0.168000	
   0.226000	  0.302000	  0.151000	  0.321000	
   0.217217	  0.384384	  0.198198	  0.200200	
 
 URL http://jaspar.genereg.net?ID=MA1099.1&rm=present&collection=CORE
 

MOTIF MA0120.1 id1
 
 letter-probability matrix: alength= 4 w= 12 nsites= 24 E= 0
   0.041667	  0.041667	  0.083333	  0.833333	
   0.125000	  0.125000	  0.166667	  0.583333	
   0.041667	  0.083333	  0.375000	  0.500000	
   0.000000	  0.375000	  0.125000	  0.500000	
   0.000000	  0.541667	  0.166667	  0.291667	
   0.083333	  0.458333	  0.166667	  0.291667	
   0.125000	  0.333333	  0.083333	  0.458333	
   0.041667	  0.041667	  0.041667	  0.875000	
   0.333333	  0.208333	  0.041667	  0.416667	
   0.000000	  0.250000	  0.291667	  0.458333	
   0.000000	  0.708333	  0.000000	  0.291667	
   0.083333	  0.000000	  0.750000	  0.166667	
 
 URL http://jaspar.genereg.net?ID=MA0120.1&rm=present&collection=CORE
 

MOTIF MA0537.1 blmp-1
 
 letter-probability matrix: alength= 4 w= 11 nsites= 3368 E= 0
   0.566805	  0.000000	  0.433195	  0.000000	
   0.918052	  0.000000	  0.078979	  0.002969	
   0.868765	  0.000000	  0.131235	  0.000000	
   0.954869	  0.000000	  0.045131	  0.000000	
   0.250000	  0.000000	  0.611639	  0.138361	
   0.343527	  0.099466	  0.162708	  0.394299	
   0.000000	  0.000000	  1.000000	  0.000000	
   1.000000	  0.000000	  0.000000	  0.000000	
   0.632126	  0.000000	  0.322447	  0.045428	
   0.914786	  0.000000	  0.075416	  0.009798	
   0.518112	  0.038005	  0.410629	  0.033254	
 
 URL http://jaspar.genereg.net?ID=MA0537.1&rm=present&collection=CORE
 

MOTIF MA0346.1 NHP6B
 
 letter-probability matrix: alength= 4 w= 20 nsites= 998 E= 0
   0.182182	  0.304304	  0.099099	  0.414414	
   0.217217	  0.225225	  0.216216	  0.341341	
   0.135406	  0.108325	  0.107322	  0.648947	
   0.377131	  0.208626	  0.077232	  0.337011	
   0.195391	  0.316633	  0.111222	  0.376754	
   0.154309	  0.317635	  0.143287	  0.384770	
   0.393788	  0.069138	  0.026052	  0.511022	
   0.579739	  0.089268	  0.051153	  0.279840	
   0.169169	  0.065065	  0.016016	  0.749750	
   0.808617	  0.032064	  0.067134	  0.092184	
   0.092184	  0.067134	  0.032064	  0.808617	
   0.749750	  0.016016	  0.065065	  0.169169	
   0.279840	  0.051153	  0.089268	  0.579739	
   0.511022	  0.026052	  0.069138	  0.393788	
   0.461924	  0.096192	  0.121242	  0.320641	
   0.372745	  0.106212	  0.111222	  0.409820	
   0.465932	  0.084168	  0.336673	  0.113226	
   0.202405	  0.160321	  0.302605	  0.334669	
   0.287575	  0.120240	  0.339679	  0.252505	
   0.287575	  0.257515	  0.252505	  0.202405	
 
 URL http://jaspar.genereg.net?ID=MA0346.1&rm=present&collection=CORE
 

MOTIF MA0050.2 IRF1
 
 letter-probability matrix: alength= 4 w= 21 nsites= 1362 E= 0
   0.232012	  0.234949	  0.195301	  0.337739	
   0.184288	  0.208517	  0.184288	  0.422907	
   0.127019	  0.237885	  0.155653	  0.479442	
   0.101322	  0.315712	  0.108664	  0.474302	
   0.539648	  0.074156	  0.265051	  0.121145	
   0.017621	  0.581498	  0.371512	  0.029369	
   0.008811	  0.000000	  0.000000	  0.991189	
   0.000000	  0.022761	  0.000000	  0.977239	
   0.000000	  0.041116	  0.002937	  0.955947	
   0.000000	  0.917034	  0.000000	  0.082966	
   0.670338	  0.028634	  0.174743	  0.126285	
   0.014684	  0.577827	  0.253304	  0.154185	
   0.011747	  0.000734	  0.000000	  0.987518	
   0.005140	  0.010279	  0.003671	  0.980910	
   0.008076	  0.042584	  0.000000	  0.949339	
   0.012482	  0.751101	  0.020558	  0.215859	
   0.376652	  0.179883	  0.193098	  0.250367	
   0.160059	  0.340675	  0.213656	  0.285609	
   0.106461	  0.136564	  0.083700	  0.673275	
   0.145374	  0.141703	  0.072687	  0.640235	
   0.121880	  0.243025	  0.110866	  0.524229	
 
 URL http://jaspar.genereg.net?ID=MA0050.2&rm=present&collection=CORE
 

MOTIF MA0015.1 Cf2
 
 letter-probability matrix: alength= 4 w= 10 nsites= 80 E= 0
   0.312500	  0.162500	  0.500000	  0.025000	
   0.012500	  0.025000	  0.012500	  0.950000	
   0.925000	  0.025000	  0.050000	  0.000000	
   0.000000	  0.112500	  0.050000	  0.837500	
   0.975000	  0.025000	  0.000000	  0.000000	
   0.012500	  0.050000	  0.012500	  0.925000	
   0.512500	  0.025000	  0.450000	  0.012500	
   0.025000	  0.112500	  0.012500	  0.850000	
   0.662500	  0.037500	  0.250000	  0.050000	
   0.150000	  0.362500	  0.187500	  0.300000	
 
 URL http://jaspar.genereg.net?ID=MA0015.1&rm=present&collection=CORE
 

MOTIF MA0205.1 Trl
 
 letter-probability matrix: alength= 4 w= 10 nsites= 71 E= 0
   0.056338	  0.309859	  0.126761	  0.507042	
   0.084507	  0.323944	  0.154930	  0.436620	
   0.169014	  0.084507	  0.422535	  0.323944	
   0.000000	  0.901408	  0.042254	  0.056338	
   0.042254	  0.000000	  0.197183	  0.760563	
   0.014085	  0.985915	  0.000000	  0.000000	
   0.183099	  0.000000	  0.028169	  0.788732	
   0.070423	  0.760563	  0.098592	  0.070423	
   0.098592	  0.183099	  0.154930	  0.563380	
   0.126761	  0.464789	  0.140845	  0.267606	
 
 URL http://jaspar.genereg.net?ID=MA0205.1&rm=present&collection=CORE
 

MOTIF MA0472.2 EGR2
 
 letter-probability matrix: alength= 4 w= 11 nsites= 2342 E= 0
   0.558398	  0.327703	  0.045367	  0.068533	
   0.000000	  0.938862	  0.016949	  0.044189	
   0.069444	  0.000000	  0.878296	  0.052260	
   0.003708	  0.962917	  0.015451	  0.017923	
   0.014944	  0.967621	  0.009340	  0.008095	
   0.000000	  0.823331	  0.021312	  0.155356	
   0.939606	  0.048140	  0.011379	  0.000875	
   0.000000	  0.984355	  0.001252	  0.014393	
   0.024588	  0.000000	  0.935746	  0.039666	
   0.002320	  0.919374	  0.011601	  0.066705	
   0.605245	  0.054895	  0.189510	  0.150350	
 
 URL http://jaspar.genereg.net?ID=MA0472.2&rm=present&collection=CORE
 

MOTIF MA0149.1 EWSR1-FLI1
 
 letter-probability matrix: alength= 4 w= 18 nsites= 105 E= 0
   0.000000	  0.000000	  1.000000	  0.000000	
   0.019048	  0.000000	  0.980952	  0.000000	
   0.990476	  0.000000	  0.009524	  0.000000	
   0.990476	  0.000000	  0.009524	  0.000000	
   0.009524	  0.000000	  0.990476	  0.000000	
   0.019048	  0.000000	  0.971429	  0.009524	
   0.980952	  0.000000	  0.019048	  0.000000	
   0.971429	  0.000000	  0.028571	  0.000000	
   0.000000	  0.000000	  0.990476	  0.009524	
   0.000000	  0.019048	  0.980952	  0.000000	
   0.942857	  0.038095	  0.019048	  0.000000	
   1.000000	  0.000000	  0.000000	  0.000000	
   0.000000	  0.000000	  1.000000	  0.000000	
   0.000000	  0.019048	  0.980952	  0.000000	
   0.952381	  0.028571	  0.000000	  0.019048	
   0.971429	  0.000000	  0.019048	  0.009524	
   0.047619	  0.000000	  0.923810	  0.028571	
   0.028571	  0.028571	  0.923810	  0.019048	
 
 URL http://jaspar.genereg.net?ID=MA0149.1&rm=present&collection=CORE
 

MOTIF MA0045.1 HMG-I/Y
 
 letter-probability matrix: alength= 4 w= 16 nsites= 14 E= 0
   0.214286	  0.357143	  0.285714	  0.142857	
   0.500000	  0.000000	  0.214286	  0.285714	
   0.642857	  0.071429	  0.071429	  0.214286	
   0.214286	  0.428571	  0.285714	  0.071429	
   0.785714	  0.000000	  0.214286	  0.000000	
   0.785714	  0.000000	  0.142857	  0.071429	
   0.785714	  0.000000	  0.142857	  0.071429	
   0.214286	  0.214286	  0.142857	  0.428571	
   0.285714	  0.071429	  0.571429	  0.071429	
   0.214286	  0.285714	  0.428571	  0.071429	
   0.571429	  0.357143	  0.071429	  0.000000	
   0.571429	  0.071429	  0.285714	  0.071429	
   0.642857	  0.000000	  0.142857	  0.214286	
   0.642857	  0.357143	  0.000000	  0.000000	
   0.785714	  0.000000	  0.214286	  0.000000	
   0.142857	  0.500000	  0.000000	  0.357143	
 
 URL http://jaspar.genereg.net?ID=MA0045.1&rm=present&collection=CORE
 

MOTIF MA0329.1 MBP1
 
 letter-probability matrix: alength= 4 w= 7 nsites= 100 E= 0
   0.550000	  0.100000	  0.180000	  0.170000	
   0.000000	  1.000000	  0.000000	  0.000000	
   0.150000	  0.000000	  0.850000	  0.000000	
   0.000000	  0.880000	  0.000000	  0.120000	
   0.000000	  0.020000	  0.980000	  0.000000	
   0.350000	  0.170000	  0.090000	  0.390000	
   0.333333	  0.303030	  0.181818	  0.181818	
 
 URL http://jaspar.genereg.net?ID=MA0329.1&rm=present&collection=CORE
 

MOTIF MA0746.1 SP3
 
 letter-probability matrix: alength= 4 w= 11 nsites= 9351 E= 0
   0.223999	  0.300549	  0.355782	  0.119671	
   0.176351	  0.709806	  0.042316	  0.071528	
   0.085544	  0.838812	  0.031730	  0.043914	
   0.716826	  0.238364	  0.026742	  0.018069	
   0.022596	  0.933343	  0.012004	  0.032058	
   0.261176	  0.038908	  0.555378	  0.144538	
   0.020670	  0.962009	  0.005531	  0.011790	
   0.025942	  0.957826	  0.007681	  0.008551	
   0.009571	  0.810920	  0.015092	  0.164417	
   0.433481	  0.453752	  0.023493	  0.089274	
   0.127548	  0.558995	  0.090502	  0.222955	
 
 URL http://jaspar.genereg.net?ID=MA0746.1&rm=present&collection=CORE
 

MOTIF MA0733.1 EGR4
 
 letter-probability matrix: alength= 4 w= 16 nsites= 5768 E= 0
   0.209027	  0.261329	  0.179832	  0.349812	
   0.209149	  0.304483	  0.096432	  0.389936	
   0.551426	  0.386501	  0.030333	  0.031740	
   0.020056	  0.886815	  0.029786	  0.063344	
   0.063247	  0.054033	  0.802298	  0.080423	
   0.002387	  0.964851	  0.013669	  0.019093	
   0.025258	  0.936224	  0.022522	  0.015997	
   0.000000	  0.948105	  0.023686	  0.028208	
   0.718162	  0.168369	  0.055538	  0.057932	
   0.009157	  0.916129	  0.023725	  0.050989	
   0.025490	  0.196149	  0.750684	  0.027677	
   0.002098	  0.913554	  0.038397	  0.045950	
   0.681758	  0.124131	  0.122651	  0.071460	
   0.324289	  0.263614	  0.077068	  0.335029	
   0.259311	  0.143207	  0.114531	  0.482952	
   0.210201	  0.197317	  0.165019	  0.427462	
 
 URL http://jaspar.genereg.net?ID=MA0733.1&rm=present&collection=CORE
 

MOTIF MA0930.1 ABF3
 
 letter-probability matrix: alength= 4 w= 8 nsites= 1001 E= 0
   0.970030	  0.009990	  0.009990	  0.009990	
   0.009990	  0.970030	  0.009990	  0.009990	
   0.970030	  0.009990	  0.009990	  0.009990	
   0.009990	  0.970030	  0.009990	  0.009990	
   0.009990	  0.009990	  0.970030	  0.009990	
   0.009990	  0.009990	  0.009990	  0.970030	
   0.009990	  0.009990	  0.970030	  0.009990	
   0.009990	  0.009990	  0.009990	  0.970030	
 
 URL http://jaspar.genereg.net?ID=MA0930.1&rm=present&collection=CORE
 

MOTIF MA1011.1 PHYPADRAFT_72483
 
 letter-probability matrix: alength= 4 w= 10 nsites= 1000 E= 0
   0.264000	  0.238000	  0.308000	  0.190000	
   0.210000	  0.181000	  0.272000	  0.337000	
   0.069069	  0.849850	  0.017017	  0.064064	
   0.806807	  0.000000	  0.106106	  0.087087	
   0.054945	  0.799201	  0.000000	  0.145854	
   0.145854	  0.000000	  0.799201	  0.054945	
   0.087087	  0.106106	  0.000000	  0.806807	
   0.064064	  0.017017	  0.849850	  0.069069	
   0.337000	  0.272000	  0.181000	  0.210000	
   0.190000	  0.308000	  0.238000	  0.264000	
 
 URL http://jaspar.genereg.net?ID=MA1011.1&rm=present&collection=CORE
 

MOTIF MA0310.1 HAC1
 
 letter-probability matrix: alength= 4 w= 8 nsites= 100 E= 0
   0.237624	  0.059406	  0.554455	  0.148515	
   0.680000	  0.320000	  0.000000	  0.000000	
   0.000000	  1.000000	  0.000000	  0.000000	
   1.000000	  0.000000	  0.000000	  0.000000	
   0.000000	  1.000000	  0.000000	  0.000000	
   0.000000	  0.000000	  1.000000	  0.000000	
   0.000000	  0.000000	  0.000000	  1.000000	
   0.270000	  0.180000	  0.410000	  0.140000	
 
 URL http://jaspar.genereg.net?ID=MA0310.1&rm=present&collection=CORE
 

MOTIF MA0956.1 BEE2
 
 letter-probability matrix: alength= 4 w= 10 nsites= 1000 E= 0
   0.256000	  0.253000	  0.236000	  0.255000	
   0.211000	  0.229000	  0.342000	  0.218000	
   0.136000	  0.722000	  0.038000	  0.104000	
   0.893000	  0.000000	  0.033000	  0.074000	
   0.023000	  0.820000	  0.000000	  0.157000	
   0.157000	  0.000000	  0.820000	  0.023000	
   0.074000	  0.033000	  0.000000	  0.893000	
   0.104000	  0.038000	  0.722000	  0.136000	
   0.218000	  0.342000	  0.229000	  0.211000	
   0.255000	  0.236000	  0.253000	  0.256000	
 
 URL http://jaspar.genereg.net?ID=MA0956.1&rm=present&collection=CORE
 

MOTIF MA0968.1 bZIP68
 
 letter-probability matrix: alength= 4 w= 9 nsites= 1000 E= 0
   0.252000	  0.336000	  0.123000	  0.289000	
   0.184000	  0.332000	  0.264000	  0.220000	
   0.621000	  0.131000	  0.137000	  0.111000	
   0.070000	  0.651000	  0.148000	  0.131000	
   0.115884	  0.162837	  0.633367	  0.087912	
   0.028000	  0.058000	  0.000000	  0.914000	
   0.032000	  0.000000	  0.951000	  0.017000	
   0.002002	  0.073073	  0.542543	  0.382382	
   0.289000	  0.476000	  0.134000	  0.101000	
 
 URL http://jaspar.genereg.net?ID=MA0968.1&rm=present&collection=CORE
 

MOTIF MA0819.1 CLOCK
 
 letter-probability matrix: alength= 4 w= 10 nsites= 489 E= 0
   0.526807	  0.081585	  0.216783	  0.174825	
   0.696429	  0.137987	  0.144481	  0.021104	
   0.024775	  0.966216	  0.004505	  0.004505	
   0.955457	  0.011136	  0.033408	  0.000000	
   0.033827	  0.906977	  0.000000	  0.059197	
   0.085288	  0.000000	  0.914712	  0.000000	
   0.006787	  0.011312	  0.011312	  0.970588	
   0.000000	  0.006803	  0.972789	  0.020408	
   0.001445	  0.219653	  0.158960	  0.619942	
   0.206977	  0.297674	  0.090698	  0.404651	
 
 URL http://jaspar.genereg.net?ID=MA0819.1&rm=present&collection=CORE
 

MOTIF MA0957.1 BHLH3
 
 letter-probability matrix: alength= 4 w= 8 nsites= 1000 E= 0
   0.258258	  0.094094	  0.603604	  0.044044	
   0.045000	  0.930000	  0.014000	  0.011000	
   0.950951	  0.007007	  0.020020	  0.022022	
   0.009990	  0.936064	  0.011988	  0.041958	
   0.041958	  0.011988	  0.936064	  0.009990	
   0.022022	  0.020020	  0.007007	  0.950951	
   0.011000	  0.014000	  0.930000	  0.045000	
   0.044044	  0.603604	  0.094094	  0.258258	
 
 URL http://jaspar.genereg.net?ID=MA0957.1&rm=present&collection=CORE
 

MOTIF MA0988.1 PHYPADRAFT_143875
 
 letter-probability matrix: alength= 4 w= 10 nsites= 1000 E= 0
   0.250000	  0.272000	  0.222000	  0.256000	
   0.208000	  0.231000	  0.392000	  0.169000	
   0.106000	  0.844000	  0.012000	  0.038000	
   0.923924	  0.000000	  0.010010	  0.066066	
   0.021978	  0.939061	  0.000000	  0.038961	
   0.038961	  0.000000	  0.939061	  0.021978	
   0.066066	  0.010010	  0.000000	  0.923924	
   0.038000	  0.012000	  0.844000	  0.106000	
   0.169000	  0.392000	  0.231000	  0.208000	
   0.256000	  0.222000	  0.272000	  0.250000	
 
 URL http://jaspar.genereg.net?ID=MA0988.1&rm=present&collection=CORE
 

MOTIF MA0570.1 ABF1
 
 letter-probability matrix: alength= 4 w= 19 nsites= 44 E= 0
   0.000000	  0.090909	  0.727273	  0.181818	
   0.181818	  0.045455	  0.636364	  0.136364	
   0.431818	  0.363636	  0.000000	  0.204545	
   0.000000	  0.795455	  0.181818	  0.022727	
   0.977273	  0.000000	  0.022727	  0.000000	
   0.000000	  1.000000	  0.000000	  0.000000	
   0.000000	  0.000000	  1.000000	  0.000000	
   0.000000	  0.000000	  0.000000	  1.000000	
   0.000000	  0.000000	  1.000000	  0.000000	
   0.000000	  0.000000	  0.863636	  0.136364	
   0.000000	  1.000000	  0.000000	  0.000000	
   0.386364	  0.318182	  0.204545	  0.090909	
   0.136364	  0.545455	  0.204545	  0.113636	
   0.295455	  0.136364	  0.477273	  0.090909	
   0.454545	  0.250000	  0.250000	  0.045455	
   0.272727	  0.431818	  0.295455	  0.000000	
   0.295455	  0.272727	  0.386364	  0.045455	
   0.227273	  0.136364	  0.522727	  0.113636	
   0.295455	  0.204545	  0.454545	  0.045455	
 
 URL http://jaspar.genereg.net?ID=MA0570.1&rm=present&collection=CORE
 

MOTIF MA0559.1 PI
 
 letter-probability matrix: alength= 4 w= 14 nsites= 558 E= 0
   0.279570	  0.600358	  0.086022	  0.034050	
   0.102151	  0.706093	  0.078853	  0.112903	
   0.639785	  0.141577	  0.120072	  0.098566	
   0.802867	  0.021505	  0.148746	  0.026882	
   0.987455	  0.001792	  0.007168	  0.003584	
   0.892473	  0.000000	  0.021505	  0.086022	
   0.539427	  0.014337	  0.437276	  0.008961	
   0.559140	  0.025090	  0.123656	  0.292115	
   0.413978	  0.000000	  0.586022	  0.000000	
   0.012545	  0.010753	  0.976703	  0.000000	
   0.799283	  0.096774	  0.012545	  0.091398	
   0.887097	  0.012545	  0.043011	  0.057348	
   0.817204	  0.046595	  0.107527	  0.028674	
   0.458781	  0.103943	  0.356631	  0.080645	
 
 URL http://jaspar.genereg.net?ID=MA0559.1&rm=present&collection=CORE
 

MOTIF MA0471.1 E2F6
 
 letter-probability matrix: alength= 4 w= 11 nsites= 2757 E= 0
   0.294523	  0.029017	  0.509975	  0.166485	
   0.160319	  0.147262	  0.692419	  0.000000	
   0.000000	  0.000000	  1.000000	  0.000000	
   0.243743	  0.708741	  0.000000	  0.047515	
   0.002539	  0.000000	  0.997461	  0.000000	
   0.000000	  0.000000	  1.000000	  0.000000	
   0.007254	  0.010519	  0.982227	  0.000000	
   1.000000	  0.000000	  0.000000	  0.000000	
   0.611534	  0.000000	  0.388466	  0.000000	
   0.358361	  0.164672	  0.411679	  0.065288	
   0.279652	  0.256075	  0.329706	  0.134567	
 
 URL http://jaspar.genereg.net?ID=MA0471.1&rm=present&collection=CORE
 

MOTIF MA0626.1 Npas2
 
 letter-probability matrix: alength= 4 w= 10 nsites= 999 E= 0
   0.273000	  0.177000	  0.293000	  0.257000	
   0.154154	  0.377377	  0.420420	  0.048048	
   0.000000	  1.000000	  0.000000	  0.000000	
   1.000000	  0.000000	  0.000000	  0.000000	
   0.081081	  0.918919	  0.000000	  0.000000	
   0.081081	  0.000000	  0.918919	  0.000000	
   0.000000	  0.000000	  0.000000	  1.000000	
   0.081081	  0.000000	  0.918919	  0.000000	
   0.074000	  0.172000	  0.188000	  0.566000	
   0.297000	  0.299000	  0.202000	  0.202000	
 
 URL http://jaspar.genereg.net?ID=MA0626.1&rm=present&collection=CORE
 

MOTIF MA0449.1 h
 
 letter-probability matrix: alength= 4 w= 10 nsites= 34 E= 0
   0.029412	  0.058824	  0.882353	  0.029412	
   0.088235	  0.205882	  0.500000	  0.205882	
   0.029412	  0.911765	  0.029412	  0.029412	
   0.647059	  0.029412	  0.294118	  0.029412	
   0.029412	  0.882353	  0.029412	  0.058824	
   0.058824	  0.029412	  0.882353	  0.029412	
   0.029412	  0.294118	  0.029412	  0.647059	
   0.029412	  0.029412	  0.911765	  0.029412	
   0.205882	  0.500000	  0.205882	  0.088235	
   0.029412	  0.882353	  0.058824	  0.029412	
 
 URL http://jaspar.genereg.net?ID=MA0449.1&rm=present&collection=CORE
 

MOTIF MA0079.3 SP1
 
 letter-probability matrix: alength= 4 w= 11 nsites= 8734 E= 0
   0.098122	  0.204488	  0.489008	  0.208381	
   0.000000	  0.711587	  0.073506	  0.214907	
   0.011335	  0.767460	  0.000000	  0.221204	
   0.000000	  1.000000	  0.000000	  0.000000	
   0.000000	  0.991642	  0.000000	  0.008358	
   0.155599	  0.000000	  0.529425	  0.314976	
   0.000000	  1.000000	  0.000000	  0.000000	
   0.000000	  1.000000	  0.000000	  0.000000	
   0.000000	  0.764713	  0.000000	  0.235287	
   0.120678	  0.727845	  0.000000	  0.151477	
   0.074651	  0.568926	  0.084039	  0.272384	
 
 URL http://jaspar.genereg.net?ID=MA0079.3&rm=present&collection=CORE
 

MOTIF MA0508.1 PRDM1
 
 letter-probability matrix: alength= 4 w= 15 nsites= 4603 E= 0
   0.386487	  0.102325	  0.225288	  0.285900	
   0.358245	  0.064740	  0.506409	  0.070606	
   0.683902	  0.074951	  0.149468	  0.091679	
   0.757332	  0.095373	  0.096024	  0.051271	
   0.906583	  0.000000	  0.093417	  0.000000	
   0.091679	  0.000000	  0.877254	  0.031067	
   0.158158	  0.023897	  0.202042	  0.615903	
   0.045840	  0.000000	  0.954160	  0.000000	
   1.000000	  0.000000	  0.000000	  0.000000	
   0.903976	  0.000000	  0.093417	  0.002607	
   0.976972	  0.000000	  0.008473	  0.014556	
   0.034543	  0.030849	  0.909407	  0.025201	
   0.025418	  0.099500	  0.112970	  0.762112	
   0.229633	  0.108190	  0.486422	  0.175755	
   0.443624	  0.169020	  0.211384	  0.175972	
 
 URL http://jaspar.genereg.net?ID=MA0508.1&rm=present&collection=CORE
 

MOTIF MA0330.1 MBP1::SWI6
 
 letter-probability matrix: alength= 4 w= 7 nsites= 22568 E= 0
   0.675297	  0.000000	  0.018049	  0.306654	
   0.003676	  0.983770	  0.004528	  0.008025	
   0.002024	  0.008186	  0.988755	  0.001034	
   0.001386	  0.853144	  0.008407	  0.137063	
   0.002652	  0.008182	  0.988222	  0.000944	
   0.032120	  0.065965	  0.066628	  0.835287	
   0.015342	  0.382792	  0.037073	  0.564793	
 
 URL http://jaspar.genereg.net?ID=MA0330.1&rm=present&collection=CORE
 

MOTIF MA0964.1 BIM1
 
 letter-probability matrix: alength= 4 w= 10 nsites= 1000 E= 0
   0.219000	  0.250000	  0.281000	  0.250000	
   0.126000	  0.655000	  0.101000	  0.118000	
   0.582583	  0.101101	  0.184184	  0.132132	
   0.059000	  0.766000	  0.023000	  0.152000	
   0.140000	  0.062000	  0.795000	  0.003000	
   0.001000	  0.023000	  0.000000	  0.976000	
   0.002997	  0.001998	  0.989011	  0.005994	
   0.375000	  0.301000	  0.148000	  0.176000	
   0.146853	  0.343656	  0.241758	  0.267732	
   0.256743	  0.261738	  0.256743	  0.224775	
 
 URL http://jaspar.genereg.net?ID=MA0964.1&rm=present&collection=CORE
 

MOTIF MA0741.1 KLF16
 
 letter-probability matrix: alength= 4 w= 11 nsites= 2019 E= 0
   0.218146	  0.175237	  0.528005	  0.078611	
   0.332964	  0.595713	  0.028455	  0.042868	
   0.035942	  0.934493	  0.003478	  0.026087	
   0.699939	  0.280584	  0.019477	  0.000000	
   0.038506	  0.940490	  0.009918	  0.011085	
   0.185102	  0.064432	  0.600372	  0.150093	
   0.004938	  0.995062	  0.000000	  0.000000	
   0.001233	  0.993835	  0.004932	  0.000000	
   0.009259	  0.932870	  0.001736	  0.056134	
   0.261520	  0.703172	  0.011370	  0.023938	
   0.015709	  0.791360	  0.011291	  0.181640	
 
 URL http://jaspar.genereg.net?ID=MA0741.1&rm=present&collection=CORE
 

MOTIF MA0516.1 SP2
 
 letter-probability matrix: alength= 4 w= 15 nsites= 1686 E= 0
   0.094899	  0.150059	  0.609727	  0.145314	
   0.023132	  0.481020	  0.152432	  0.343416	
   0.030842	  0.822064	  0.000593	  0.146501	
   0.000000	  0.995848	  0.004152	  0.000000	
   0.000000	  0.974496	  0.000000	  0.025504	
   0.103203	  0.000000	  0.759193	  0.137604	
   0.000000	  1.000000	  0.000000	  0.000000	
   0.000000	  0.982206	  0.000000	  0.017794	
   0.000000	  0.657177	  0.000000	  0.342823	
   0.122183	  0.709371	  0.000000	  0.168446	
   0.068209	  0.575919	  0.058719	  0.297153	
   0.110913	  0.328588	  0.192764	  0.367734	
   0.134045	  0.425267	  0.237841	  0.202847	
   0.135231	  0.470937	  0.241993	  0.151839	
   0.120403	  0.441874	  0.250297	  0.187426	
 
 URL http://jaspar.genereg.net?ID=MA0516.1&rm=present&collection=CORE
 

MOTIF MA0259.1 ARNT::HIF1A
 
 letter-probability matrix: alength= 4 w= 8 nsites= 104 E= 0
   0.259615	  0.269231	  0.471154	  0.000000	
   0.096154	  0.278846	  0.326923	  0.298077	
   0.750000	  0.019231	  0.221154	  0.009615	
   0.000000	  0.990385	  0.000000	  0.009615	
   0.000000	  0.000000	  1.000000	  0.000000	
   0.000000	  0.000000	  0.000000	  1.000000	
   0.000000	  0.000000	  1.000000	  0.000000	
   0.173077	  0.490385	  0.192308	  0.144231	
 
 URL http://jaspar.genereg.net?ID=MA0259.1&rm=present&collection=CORE
 

MOTIF MA0649.1 HEY2
 
 letter-probability matrix: alength= 4 w= 10 nsites= 1916 E= 0
   0.050783	  0.046986	  0.854295	  0.047935	
   0.361667	  0.169444	  0.344444	  0.124444	
   0.041481	  0.888889	  0.040988	  0.028642	
   0.933610	  0.000000	  0.066390	  0.000000	
   0.003874	  0.996126	  0.000000	  0.000000	
   0.014218	  0.037915	  0.947867	  0.000000	
   0.018405	  0.061350	  0.000000	  0.920245	
   0.000000	  0.018240	  0.965665	  0.016094	
   0.025278	  0.529323	  0.064712	  0.380688	
   0.158333	  0.482778	  0.212222	  0.146667	
 
 URL http://jaspar.genereg.net?ID=MA0649.1&rm=present&collection=CORE
 

MOTIF MA0931.1 ABI5
 
 letter-probability matrix: alength= 4 w= 10 nsites= 1000 E= 0
   0.180819	  0.256743	  0.256743	  0.305694	
   0.086913	  0.086913	  0.659341	  0.166833	
   0.608000	  0.314000	  0.000000	  0.078000	
   0.000000	  0.922000	  0.078000	  0.000000	
   1.000000	  0.000000	  0.000000	  0.000000	
   0.000000	  1.000000	  0.000000	  0.000000	
   0.000000	  0.000000	  1.000000	  0.000000	
   0.000000	  0.000000	  0.000000	  1.000000	
   0.151848	  0.069930	  0.708292	  0.069930	
   0.163836	  0.163836	  0.336663	  0.335664	
 
 URL http://jaspar.genereg.net?ID=MA0931.1&rm=present&collection=CORE
 

MOTIF MA0732.1 EGR3
 
 letter-probability matrix: alength= 4 w= 15 nsites= 1834 E= 0
   0.194798	  0.372832	  0.160694	  0.271676	
   0.267470	  0.292169	  0.115060	  0.325301	
   0.585131	  0.397843	  0.005675	  0.011351	
   0.001070	  0.991979	  0.000000	  0.006952	
   0.028796	  0.013962	  0.941536	  0.015707	
   0.000000	  0.998924	  0.001076	  0.000000	
   0.000000	  0.994647	  0.000000	  0.005353	
   0.000000	  0.954450	  0.003665	  0.041885	
   0.711479	  0.279312	  0.006753	  0.002455	
   0.000000	  0.995223	  0.003715	  0.001062	
   0.017372	  0.012472	  0.958575	  0.011581	
   0.001040	  0.987520	  0.000520	  0.010920	
   0.806905	  0.034527	  0.107417	  0.051151	
   0.243844	  0.360360	  0.066066	  0.329730	
   0.239275	  0.209063	  0.138973	  0.412689	
 
 URL http://jaspar.genereg.net?ID=MA0732.1&rm=present&collection=CORE
 

MOTIF MA0557.1 FHY3
 
 letter-probability matrix: alength= 4 w= 12 nsites= 235 E= 0
   0.195745	  0.344681	  0.170213	  0.289362	
   0.319149	  0.246809	  0.106383	  0.327660	
   0.038298	  0.893617	  0.038298	  0.029787	
   0.961702	  0.012766	  0.008511	  0.017021	
   0.008511	  0.978723	  0.004255	  0.008511	
   0.012766	  0.068085	  0.906383	  0.012766	
   0.000000	  0.936170	  0.000000	  0.063830	
   0.017021	  0.000000	  0.970213	  0.012766	
   0.076596	  0.885106	  0.025532	  0.012766	
   0.068085	  0.170213	  0.072340	  0.689362	
   0.268085	  0.289362	  0.170213	  0.272340	
   0.348936	  0.187234	  0.212766	  0.251064	
 
 URL http://jaspar.genereg.net?ID=MA0557.1&rm=present&collection=CORE
 

MOTIF MA1085.1 WRKY40
 
 letter-probability matrix: alength= 4 w= 8 nsites= 1000 E= 0
   0.246000	  0.267000	  0.204000	  0.283000	
   0.378378	  0.127127	  0.439439	  0.055055	
   0.001000	  0.001000	  0.912000	  0.086000	
   0.032032	  0.000000	  0.000000	  0.967968	
   0.022977	  0.976024	  0.000000	  0.000999	
   0.672673	  0.148148	  0.049049	  0.130130	
   0.590410	  0.104895	  0.122877	  0.181818	
   0.247000	  0.270000	  0.270000	  0.213000	
 
 URL http://jaspar.genereg.net?ID=MA1085.1&rm=present&collection=CORE
 

MOTIF MA0549.1 BZR2
 
 letter-probability matrix: alength= 4 w= 11 nsites= 99 E= 0
   0.232323	  0.454545	  0.101010	  0.212121	
   0.414141	  0.080808	  0.505051	  0.000000	
   0.000000	  1.000000	  0.000000	  0.000000	
   0.898990	  0.000000	  0.040404	  0.060606	
   0.000000	  1.000000	  0.000000	  0.000000	
   0.000000	  0.000000	  1.000000	  0.000000	
   0.000000	  0.000000	  0.000000	  1.000000	
   0.030303	  0.000000	  0.969697	  0.000000	
   0.161616	  0.050505	  0.363636	  0.424242	
   0.171717	  0.333333	  0.464646	  0.030303	
   0.363636	  0.292929	  0.333333	  0.010101	
 
 URL http://jaspar.genereg.net?ID=MA0549.1&rm=present&collection=CORE
 

MOTIF MA0958.1 BHLH13
 
 letter-probability matrix: alength= 4 w= 8 nsites= 1000 E= 0
   0.295000	  0.116000	  0.569000	  0.020000	
   0.053000	  0.945000	  0.001000	  0.001000	
   0.991009	  0.001998	  0.002997	  0.003996	
   0.001000	  0.952000	  0.001000	  0.046000	
   0.015015	  0.001001	  0.982983	  0.001001	
   0.004000	  0.004000	  0.001000	  0.991000	
   0.001000	  0.002000	  0.987000	  0.010000	
   0.038000	  0.696000	  0.065000	  0.201000	
 
 URL http://jaspar.genereg.net?ID=MA0958.1&rm=present&collection=CORE
 

MOTIF MA1061.1 SPT
 
 letter-probability matrix: alength= 4 w= 9 nsites= 1000 E= 0
   0.202000	  0.427000	  0.208000	  0.163000	
   0.047047	  0.568569	  0.255255	  0.129129	
   0.000000	  0.961000	  0.000000	  0.039000	
   0.885000	  0.000000	  0.099000	  0.016000	
   0.009009	  0.910911	  0.000000	  0.080080	
   0.088000	  0.000000	  0.912000	  0.000000	
   0.000000	  0.012000	  0.000000	  0.988000	
   0.084084	  0.115115	  0.724725	  0.076076	
   0.220779	  0.300699	  0.236763	  0.241758	
 
 URL http://jaspar.genereg.net?ID=MA1061.1&rm=present&collection=CORE
 

MOTIF MA0616.1 Hes2
 
 letter-probability matrix: alength= 4 w= 13 nsites= 1000 E= 0
   0.214214	  0.214214	  0.214214	  0.357357	
   0.341341	  0.197197	  0.197197	  0.264264	
   0.341341	  0.197197	  0.197197	  0.264264	
   0.245000	  0.333000	  0.245000	  0.177000	
   0.083000	  0.152000	  0.682000	  0.083000	
   0.603000	  0.000000	  0.397000	  0.000000	
   0.282000	  0.718000	  0.000000	  0.000000	
   0.930000	  0.000000	  0.070000	  0.000000	
   0.174000	  0.754000	  0.036000	  0.036000	
   0.123000	  0.053000	  0.771000	  0.053000	
   0.053000	  0.053000	  0.053000	  0.841000	
   0.143000	  0.073000	  0.711000	  0.073000	
   0.238000	  0.428000	  0.167000	  0.167000	
 
 URL http://jaspar.genereg.net?ID=MA0616.1&rm=present&collection=CORE
 

MOTIF MA1033.1 OJ1058_F05.8
 
 letter-probability matrix: alength= 4 w= 8 nsites= 999 E= 0
   0.661662	  0.332332	  0.003003	  0.003003	
   0.003003	  0.990991	  0.003003	  0.003003	
   0.990991	  0.003003	  0.003003	  0.003003	
   0.003003	  0.990991	  0.003003	  0.003003	
   0.003003	  0.003003	  0.990991	  0.003003	
   0.003003	  0.003003	  0.003003	  0.990991	
   0.003003	  0.003003	  0.990991	  0.003003	
   0.005000	  0.005000	  0.495000	  0.495000	
 
 URL http://jaspar.genereg.net?ID=MA1033.1&rm=present&collection=CORE
 

MOTIF MA0431.1 TDA9
 
 letter-probability matrix: alength= 4 w= 9 nsites= 100 E= 0
   0.320000	  0.240000	  0.230000	  0.210000	
   0.000000	  1.000000	  0.000000	  0.000000	
   0.000000	  1.000000	  0.000000	  0.000000	
   0.000000	  1.000000	  0.000000	  0.000000	
   0.000000	  1.000000	  0.000000	  0.000000	
   0.300000	  0.000000	  0.360000	  0.340000	
   0.000000	  1.000000	  0.000000	  0.000000	
   0.435644	  0.158416	  0.029703	  0.376238	
   0.190000	  0.350000	  0.150000	  0.310000	
 
 URL http://jaspar.genereg.net?ID=MA0431.1&rm=present&collection=CORE
 

MOTIF MA0425.1 YGR067C
 
 letter-probability matrix: alength= 4 w= 14 nsites= 100 E= 0
   0.356436	  0.237624	  0.267327	  0.138614	
   0.000000	  1.000000	  0.000000	  0.000000	
   0.000000	  0.990000	  0.000000	  0.010000	
   0.000000	  1.000000	  0.000000	  0.000000	
   0.010000	  0.990000	  0.000000	  0.000000	
   0.410000	  0.000000	  0.310000	  0.280000	
   0.000000	  0.980000	  0.010000	  0.010000	
   0.267327	  0.257426	  0.168317	  0.306931	
   0.230000	  0.260000	  0.200000	  0.310000	
   0.240000	  0.260000	  0.200000	  0.300000	
   0.250000	  0.240000	  0.250000	  0.260000	
   0.250000	  0.220000	  0.260000	  0.270000	
   0.220000	  0.260000	  0.260000	  0.260000	
   0.257426	  0.237624	  0.257426	  0.247525	
 
 URL http://jaspar.genereg.net?ID=MA0425.1&rm=present&collection=CORE
 

MOTIF MA0569.1 MYC4
 
 letter-probability matrix: alength= 4 w= 8 nsites= 100 E= 0
   0.380000	  0.180000	  0.360000	  0.080000	
   0.050000	  0.950000	  0.000000	  0.000000	
   0.990000	  0.000000	  0.000000	  0.010000	
   0.000000	  0.940000	  0.000000	  0.060000	
   0.020000	  0.000000	  0.980000	  0.000000	
   0.000000	  0.010000	  0.000000	  0.990000	
   0.000000	  0.000000	  0.980000	  0.020000	
   0.020202	  0.727273	  0.080808	  0.171717	
 
 URL http://jaspar.genereg.net?ID=MA0569.1&rm=present&collection=CORE
 

MOTIF MA0039.2 Klf4
 
 letter-probability matrix: alength= 4 w= 10 nsites= 4340 E= 0
   0.338561	  0.018681	  0.235701	  0.407057	
   0.020276	  0.002074	  0.976267	  0.001382	
   0.003223	  0.002993	  0.990792	  0.002993	
   0.003221	  0.008282	  0.984817	  0.003681	
   0.063693	  0.441941	  0.002529	  0.491837	
   0.005064	  0.003453	  0.983656	  0.007827	
   0.009671	  0.018420	  0.501727	  0.470182	
   0.060872	  0.010606	  0.899700	  0.028822	
   0.028400	  0.030016	  0.874856	  0.066728	
   0.058742	  0.660962	  0.064755	  0.215541	
 
 URL http://jaspar.genereg.net?ID=MA0039.2&rm=present&collection=CORE
 

MOTIF MA0568.1 MYC3
 
 letter-probability matrix: alength= 4 w= 8 nsites= 100 E= 0
   0.250000	  0.280000	  0.400000	  0.070000	
   0.101010	  0.898990	  0.000000	  0.000000	
   0.970000	  0.000000	  0.020000	  0.010000	
   0.000000	  0.840000	  0.000000	  0.160000	
   0.160000	  0.000000	  0.840000	  0.000000	
   0.010000	  0.020000	  0.000000	  0.970000	
   0.000000	  0.000000	  0.898990	  0.101010	
   0.070000	  0.400000	  0.280000	  0.250000	
 
 URL http://jaspar.genereg.net?ID=MA0568.1&rm=present&collection=CORE
 

MOTIF MA0566.1 MYC2
 
 letter-probability matrix: alength= 4 w= 8 nsites= 100 E= 0
   0.250000	  0.100000	  0.600000	  0.050000	
   0.090000	  0.910000	  0.000000	  0.000000	
   0.970000	  0.000000	  0.020000	  0.010000	
   0.000000	  0.850000	  0.000000	  0.150000	
   0.150000	  0.000000	  0.850000	  0.000000	
   0.010000	  0.020000	  0.000000	  0.970000	
   0.000000	  0.000000	  0.910000	  0.090000	
   0.050000	  0.600000	  0.100000	  0.250000	
 
 URL http://jaspar.genereg.net?ID=MA0566.1&rm=present&collection=CORE
 

MOTIF MA0962.1 BHLH34
 
 letter-probability matrix: alength= 4 w= 8 nsites= 1000 E= 0
   0.154000	  0.039000	  0.653000	  0.154000	
   0.000000	  1.000000	  0.000000	  0.000000	
   0.727000	  0.000000	  0.242000	  0.031000	
   0.000000	  0.848000	  0.000000	  0.152000	
   0.000000	  0.000000	  1.000000	  0.000000	
   0.000000	  0.000000	  0.000000	  1.000000	
   0.000000	  0.000000	  1.000000	  0.000000	
   0.095904	  0.142857	  0.475524	  0.285714	
 
 URL http://jaspar.genereg.net?ID=MA0962.1&rm=present&collection=CORE
 

MOTIF MA0561.1 PIF4
 
 letter-probability matrix: alength= 4 w= 8 nsites= 335 E= 0
   0.000000	  1.000000	  0.000000	  0.000000	
   1.000000	  0.000000	  0.000000	  0.000000	
   0.000000	  1.000000	  0.000000	  0.000000	
   0.146269	  0.000000	  0.853731	  0.000000	
   0.000000	  0.000000	  0.000000	  1.000000	
   0.000000	  0.000000	  1.000000	  0.000000	
   0.000000	  0.295522	  0.546269	  0.158209	
   0.191045	  0.614925	  0.194030	  0.000000	
 
 URL http://jaspar.genereg.net?ID=MA0561.1&rm=present&collection=CORE
 

MOTIF MA0966.1 BIM3
 
 letter-probability matrix: alength= 4 w= 10 nsites= 1000 E= 0
   0.294000	  0.203000	  0.270000	  0.233000	
   0.159000	  0.165000	  0.433000	  0.243000	
   0.074074	  0.821822	  0.008008	  0.096096	
   0.942000	  0.000000	  0.025000	  0.033000	
   0.015000	  0.918000	  0.000000	  0.067000	
   0.067000	  0.000000	  0.918000	  0.015000	
   0.033000	  0.025000	  0.000000	  0.942000	
   0.096096	  0.008008	  0.821822	  0.074074	
   0.243000	  0.433000	  0.165000	  0.159000	
   0.233000	  0.270000	  0.203000	  0.294000	
 
 URL http://jaspar.genereg.net?ID=MA0966.1&rm=present&collection=CORE
 

MOTIF MA0979.1 ERF008
 
 letter-probability matrix: alength= 4 w= 8 nsites= 1000 E= 0
   0.148000	  0.787000	  0.024000	  0.041000	
   0.334665	  0.014985	  0.633367	  0.016983	
   0.027000	  0.889000	  0.058000	  0.026000	
   0.039000	  0.934000	  0.019000	  0.008000	
   0.065934	  0.043956	  0.864136	  0.025974	
   0.319680	  0.523477	  0.055944	  0.100899	
   0.070000	  0.828000	  0.068000	  0.034000	
   0.100000	  0.417000	  0.329000	  0.154000	
 
 URL http://jaspar.genereg.net?ID=MA0979.1&rm=present&collection=CORE
 

MOTIF MA0941.1 ABF2
 
 letter-probability matrix: alength= 4 w= 13 nsites= 1000 E= 0
   0.230769	  0.307692	  0.230769	  0.230769	
   0.307692	  0.230769	  0.230769	  0.230769	
   0.191000	  0.268000	  0.191000	  0.350000	
   0.274274	  0.120120	  0.403403	  0.202202	
   0.699000	  0.177000	  0.103000	  0.021000	
   0.000000	  0.840841	  0.000000	  0.159159	
   1.000000	  0.000000	  0.000000	  0.000000	
   0.000000	  0.917918	  0.000000	  0.082082	
   0.019019	  0.019019	  0.942943	  0.019019	
   0.019019	  0.019019	  0.019019	  0.942943	
   0.218000	  0.059000	  0.664000	  0.059000	
   0.212787	  0.129870	  0.286713	  0.370629	
   0.229229	  0.229229	  0.229229	  0.312312	
 
 URL http://jaspar.genereg.net?ID=MA0941.1&rm=present&collection=CORE
 

MOTIF MA1074.1 UNE10
 
 letter-probability matrix: alength= 4 w= 8 nsites= 999 E= 0
   0.214214	  0.499499	  0.072072	  0.214214	
   0.000000	  1.000000	  0.000000	  0.000000	
   1.000000	  0.000000	  0.000000	  0.000000	
   0.000000	  1.000000	  0.000000	  0.000000	
   0.000000	  0.000000	  1.000000	  0.000000	
   0.000000	  0.000000	  0.000000	  1.000000	
   0.000000	  0.000000	  1.000000	  0.000000	
   0.266733	  0.532468	  0.066933	  0.133866	
 
 URL http://jaspar.genereg.net?ID=MA1074.1&rm=present&collection=CORE
 

MOTIF MA0377.1 SFL1
 
 letter-probability matrix: alength= 4 w= 21 nsites= 998 E= 0
   0.272272	  0.183183	  0.130130	  0.414414	
   0.368737	  0.262525	  0.124248	  0.244489	
   0.281563	  0.244489	  0.332665	  0.141283	
   0.382382	  0.256256	  0.117117	  0.244244	
   0.314629	  0.098196	  0.349699	  0.237475	
   0.368368	  0.221221	  0.198198	  0.212212	
   0.727728	  0.030030	  0.124124	  0.118118	
   0.127127	  0.178178	  0.108108	  0.586587	
   0.506507	  0.261261	  0.226226	  0.006006	
   0.018036	  0.010020	  0.961924	  0.010020	
   0.957916	  0.016032	  0.005010	  0.021042	
   0.960922	  0.009018	  0.021042	  0.009018	
   0.022044	  0.047094	  0.807615	  0.123246	
   0.616617	  0.129129	  0.218218	  0.036036	
   0.597194	  0.134269	  0.036072	  0.232465	
   0.536072	  0.221443	  0.048096	  0.194389	
   0.256513	  0.156313	  0.146293	  0.440882	
   0.492986	  0.096192	  0.217435	  0.193387	
   0.431864	  0.067134	  0.099198	  0.401804	
   0.369739	  0.123246	  0.146293	  0.360721	
   0.410231	  0.121364	  0.072217	  0.396189	
 
 URL http://jaspar.genereg.net?ID=MA0377.1&rm=present&collection=CORE
 

MOTIF MA0004.1 Arnt
 
 letter-probability matrix: alength= 4 w= 6 nsites= 20 E= 0
   0.200000	  0.800000	  0.000000	  0.000000	
   0.950000	  0.000000	  0.050000	  0.000000	
   0.000000	  1.000000	  0.000000	  0.000000	
   0.000000	  0.000000	  1.000000	  0.000000	
   0.000000	  0.000000	  0.000000	  1.000000	
   0.000000	  0.000000	  1.000000	  0.000000	
 
 URL http://jaspar.genereg.net?ID=MA0004.1&rm=present&collection=CORE
 

MOTIF MA1076.1 WRKY15
 
 letter-probability matrix: alength= 4 w= 10 nsites= 1000 E= 0
   0.309000	  0.197000	  0.248000	  0.246000	
   0.368368	  0.096096	  0.464464	  0.071071	
   0.004000	  0.008000	  0.949000	  0.039000	
   0.009000	  0.003000	  0.004000	  0.984000	
   0.030000	  0.965000	  0.002000	  0.003000	
   0.807000	  0.104000	  0.026000	  0.063000	
   0.746000	  0.035000	  0.154000	  0.065000	
   0.253000	  0.525000	  0.089000	  0.133000	
   0.188811	  0.237762	  0.395604	  0.177822	
   0.214000	  0.292000	  0.275000	  0.219000	
 
 URL http://jaspar.genereg.net?ID=MA1076.1&rm=present&collection=CORE
 

MOTIF MA0443.1 btd
 
 letter-probability matrix: alength= 4 w= 10 nsites= 30 E= 0
   0.466667	  0.100000	  0.233333	  0.200000	
   0.333333	  0.000000	  0.666667	  0.000000	
   0.133333	  0.000000	  0.600000	  0.266667	
   0.066667	  0.000000	  0.933333	  0.000000	
   0.000000	  0.000000	  1.000000	  0.000000	
   0.000000	  0.000000	  1.000000	  0.000000	
   0.066667	  0.933333	  0.000000	  0.000000	
   0.000000	  0.000000	  1.000000	  0.000000	
   0.000000	  0.000000	  0.666667	  0.333333	
   0.500000	  0.033333	  0.333333	  0.133333	
 
 URL http://jaspar.genereg.net?ID=MA0443.1&rm=present&collection=CORE
 

MOTIF MA1094.1 WRKY8
 
 letter-probability matrix: alength= 4 w= 9 nsites= 1000 E= 0
   0.299000	  0.203000	  0.224000	  0.274000	
   0.376000	  0.124000	  0.403000	  0.097000	
   0.020000	  0.001000	  0.883000	  0.096000	
   0.011000	  0.000000	  0.001000	  0.988000	
   0.043000	  0.948000	  0.000000	  0.009000	
   0.804000	  0.092000	  0.028000	  0.076000	
   0.722000	  0.032000	  0.163000	  0.083000	
   0.253746	  0.466533	  0.119880	  0.159840	
   0.215784	  0.217782	  0.373626	  0.192807	
 
 URL http://jaspar.genereg.net?ID=MA1094.1&rm=present&collection=CORE
 

MOTIF MA0162.2 EGR1
 
 letter-probability matrix: alength= 4 w= 14 nsites= 12256 E= 0
   0.089589	  0.467363	  0.251550	  0.191498	
   0.122879	  0.558665	  0.110884	  0.207572	
   0.094648	  0.493554	  0.183584	  0.228215	
   0.108926	  0.851093	  0.000000	  0.039980	
   0.019011	  0.944354	  0.000000	  0.036635	
   0.237516	  0.000000	  0.558094	  0.204390	
   0.000000	  1.000000	  0.000000	  0.000000	
   0.000000	  0.967037	  0.000000	  0.032963	
   0.000000	  0.828492	  0.049853	  0.121655	
   0.297977	  0.682196	  0.000000	  0.019827	
   0.000000	  0.975196	  0.000000	  0.024804	
   0.193211	  0.000000	  0.538430	  0.268358	
   0.000000	  0.803606	  0.115862	  0.080532	
   0.246899	  0.456511	  0.156087	  0.140503	
 
 URL http://jaspar.genereg.net?ID=MA0162.2&rm=present&collection=CORE
 

MOTIF MA0747.1 SP8
 
 letter-probability matrix: alength= 4 w= 12 nsites= 190 E= 0
   0.311377	  0.161677	  0.467066	  0.059880	
   0.315789	  0.660819	  0.000000	  0.023392	
   0.121951	  0.814634	  0.000000	  0.063415	
   0.786982	  0.195266	  0.005917	  0.011834	
   0.038889	  0.927778	  0.005556	  0.027778	
   0.093284	  0.138060	  0.623134	  0.145522	
   0.027778	  0.927778	  0.033333	  0.011111	
   0.011628	  0.970930	  0.017442	  0.000000	
   0.000000	  0.897849	  0.021505	  0.080645	
   0.511364	  0.437500	  0.034091	  0.017045	
   0.054167	  0.695833	  0.087500	  0.162500	
   0.186747	  0.313253	  0.006024	  0.493976	
 
 URL http://jaspar.genereg.net?ID=MA0747.1&rm=present&collection=CORE
 

MOTIF MA0608.1 Creb3l2
 
 letter-probability matrix: alength= 4 w= 9 nsites= 999 E= 0
   0.002002	  0.002002	  0.745746	  0.250250	
   0.250000	  0.623000	  0.001000	  0.126000	
   0.001000	  0.872000	  0.126000	  0.001000	
   0.996997	  0.001001	  0.001001	  0.001001	
   0.001001	  0.996997	  0.001001	  0.001001	
   0.001001	  0.001001	  0.996997	  0.001001	
   0.001001	  0.001001	  0.001001	  0.996997	
   0.001001	  0.143143	  0.854855	  0.001001	
   0.250000	  0.002000	  0.250000	  0.498000	
 
 URL http://jaspar.genereg.net?ID=MA0608.1&rm=present&collection=CORE
 

MOTIF MA0965.1 BIM2
 
 letter-probability matrix: alength= 4 w= 10 nsites= 1000 E= 0
   0.244000	  0.261000	  0.290000	  0.205000	
   0.167000	  0.143000	  0.373000	  0.317000	
   0.053000	  0.897000	  0.001000	  0.049000	
   0.962000	  0.000000	  0.024000	  0.014000	
   0.022022	  0.885886	  0.000000	  0.092092	
   0.092092	  0.000000	  0.885886	  0.022022	
   0.014000	  0.024000	  0.000000	  0.962000	
   0.049000	  0.001000	  0.897000	  0.053000	
   0.317000	  0.373000	  0.143000	  0.167000	
   0.205000	  0.290000	  0.261000	  0.244000	
 
 URL http://jaspar.genereg.net?ID=MA0965.1&rm=present&collection=CORE
 

MOTIF MA0552.1 PIF1
 
 letter-probability matrix: alength= 4 w= 14 nsites= 114 E= 0
   0.324561	  0.105263	  0.324561	  0.245614	
   0.219298	  0.000000	  0.464912	  0.315789	
   0.307018	  0.245614	  0.254386	  0.192982	
   0.464912	  0.070175	  0.350877	  0.114035	
   0.236842	  0.236842	  0.280702	  0.245614	
   0.078947	  0.149123	  0.640351	  0.131579	
   0.333333	  0.122807	  0.122807	  0.421053	
   0.000000	  0.903509	  0.096491	  0.000000	
   1.000000	  0.000000	  0.000000	  0.000000	
   0.000000	  0.991228	  0.008772	  0.000000	
   0.000000	  0.000000	  1.000000	  0.000000	
   0.000000	  0.017544	  0.000000	  0.982456	
   0.000000	  0.000000	  1.000000	  0.000000	
   0.192982	  0.201754	  0.447368	  0.157895	
 
 URL http://jaspar.genereg.net?ID=MA0552.1&rm=present&collection=CORE
 

MOTIF MA0622.1 Mlxip
 
 letter-probability matrix: alength= 4 w= 8 nsites= 999 E= 0
   0.053000	  0.263000	  0.421000	  0.263000	
   0.000000	  1.000000	  0.000000	  0.000000	
   1.000000	  0.000000	  0.000000	  0.000000	
   0.000000	  1.000000	  0.000000	  0.000000	
   0.000000	  0.000000	  1.000000	  0.000000	
   0.000000	  0.000000	  0.000000	  1.000000	
   0.000000	  0.000000	  1.000000	  0.000000	
   0.188000	  0.063000	  0.250000	  0.499000	
 
 URL http://jaspar.genereg.net?ID=MA0622.1&rm=present&collection=CORE
 

MOTIF MA1093.1 WRKY75
 
 letter-probability matrix: alength= 4 w= 8 nsites= 1000 E= 0
   0.302000	  0.279000	  0.140000	  0.279000	
   0.500000	  0.017000	  0.483000	  0.000000	
   0.000000	  0.000000	  1.000000	  0.000000	
   0.000000	  0.000000	  0.000000	  1.000000	
   0.000000	  1.000000	  0.000000	  0.000000	
   1.000000	  0.000000	  0.000000	  0.000000	
   1.000000	  0.000000	  0.000000	  0.000000	
   0.260000	  0.620000	  0.000000	  0.120000	
 
 URL http://jaspar.genereg.net?ID=MA1093.1&rm=present&collection=CORE
 

MOTIF MA0058.3 MAX
 
 letter-probability matrix: alength= 4 w= 10 nsites= 6986 E= 0
   0.480878	  0.226261	  0.188309	  0.104551	
   0.278545	  0.408582	  0.220218	  0.092655	
   0.005640	  0.994360	  0.000000	  0.000000	
   0.982145	  0.000000	  0.012427	  0.005428	
   0.000000	  0.966817	  0.000984	  0.032199	
   0.045298	  0.005370	  0.946716	  0.002616	
   0.009686	  0.022319	  0.002807	  0.965188	
   0.000000	  0.003891	  0.990921	  0.005188	
   0.195055	  0.356364	  0.238255	  0.210327	
   0.163176	  0.323589	  0.143397	  0.369837	
 
 URL http://jaspar.genereg.net?ID=MA0058.3&rm=present&collection=CORE
 

MOTIF MA1079.1 WRKY21
 
 letter-probability matrix: alength= 4 w= 10 nsites= 1000 E= 0
   0.281000	  0.223000	  0.249000	  0.247000	
   0.321000	  0.195000	  0.224000	  0.260000	
   0.403000	  0.087000	  0.407000	  0.103000	
   0.051000	  0.000000	  0.910000	  0.039000	
   0.090909	  0.003996	  0.001998	  0.903097	
   0.000000	  0.999000	  0.000000	  0.001000	
   0.869000	  0.066000	  0.021000	  0.044000	
   0.780781	  0.010010	  0.162162	  0.047047	
   0.208000	  0.607000	  0.065000	  0.120000	
   0.159000	  0.209000	  0.429000	  0.203000	
 
 URL http://jaspar.genereg.net?ID=MA1079.1&rm=present&collection=CORE
 

MOTIF MA0823.1 HEY1
 
 letter-probability matrix: alength= 4 w= 10 nsites= 3415 E= 0
   0.130917	  0.227981	  0.535650	  0.105452	
   0.411324	  0.196525	  0.359197	  0.032954	
   0.000298	  0.994340	  0.000894	  0.004468	
   0.950456	  0.008542	  0.035023	  0.005979	
   0.000000	  1.000000	  0.000000	  0.000000	
   0.000000	  0.005364	  0.994636	  0.000000	
   0.000000	  0.124019	  0.002616	  0.873365	
   0.009381	  0.005570	  0.978599	  0.006450	
   0.099760	  0.527861	  0.113841	  0.258538	
   0.142301	  0.650689	  0.111744	  0.095267	
 
 URL http://jaspar.genereg.net?ID=MA0823.1&rm=present&collection=CORE
 

MOTIF MA0821.1 HES5
 
 letter-probability matrix: alength= 4 w= 12 nsites= 1658 E= 0
   0.138462	  0.499359	  0.019231	  0.342949	
   0.029138	  0.003720	  0.966522	  0.000620	
   0.320201	  0.026404	  0.653395	  0.000000	
   0.000000	  1.000000	  0.000000	  0.000000	
   0.999359	  0.000000	  0.000641	  0.000000	
   0.000641	  0.998719	  0.000000	  0.000641	
   0.000641	  0.000000	  0.999359	  0.000000	
   0.000000	  0.004470	  0.000000	  0.995530	
   0.000000	  0.000000	  1.000000	  0.000000	
   0.000000	  0.847283	  0.007609	  0.145109	
   0.000000	  0.990470	  0.000635	  0.008895	
   0.417843	  0.098203	  0.304878	  0.179076	
 
 URL http://jaspar.genereg.net?ID=MA0821.1&rm=present&collection=CORE
 

MOTIF MA1052.1 RAP2-6
 
 letter-probability matrix: alength= 4 w= 8 nsites= 1000 E= 0
   0.034000	  0.271000	  0.681000	  0.014000	
   0.027000	  0.958000	  0.007000	  0.008000	
   0.007000	  0.002000	  0.989000	  0.002000	
   0.001998	  0.893107	  0.103896	  0.000999	
   0.012000	  0.985000	  0.002000	  0.001000	
   0.004000	  0.003000	  0.990000	  0.003000	
   0.019980	  0.946054	  0.013986	  0.019980	
   0.066066	  0.921922	  0.002002	  0.010010	
 
 URL http://jaspar.genereg.net?ID=MA1052.1&rm=present&collection=CORE
 

MOTIF MA0006.1 Ahr::Arnt
 
 letter-probability matrix: alength= 4 w= 6 nsites= 24 E= 0
   0.125000	  0.333333	  0.083333	  0.458333	
   0.000000	  0.000000	  0.958333	  0.041667	
   0.000000	  0.958333	  0.000000	  0.041667	
   0.000000	  0.000000	  0.958333	  0.041667	
   0.000000	  0.000000	  0.000000	  1.000000	
   0.000000	  0.000000	  1.000000	  0.000000	
 
 URL http://jaspar.genereg.net?ID=MA0006.1&rm=present&collection=CORE
 

MOTIF MA0959.1 AIB
 
 letter-probability matrix: alength= 4 w= 8 nsites= 1000 E= 0
   0.076076	  0.014014	  0.901902	  0.008008	
   0.058941	  0.938062	  0.000999	  0.001998	
   0.966000	  0.001000	  0.028000	  0.005000	
   0.000000	  0.903904	  0.002002	  0.094094	
   0.094094	  0.002002	  0.903904	  0.000000	
   0.005000	  0.028000	  0.001000	  0.966000	
   0.001998	  0.000999	  0.938062	  0.058941	
   0.008008	  0.901902	  0.014014	  0.076076	
 
 URL http://jaspar.genereg.net?ID=MA0959.1&rm=present&collection=CORE
 

MOTIF MA0277.1 AZF1
 
 letter-probability matrix: alength= 4 w= 9 nsites= 100 E= 0
   0.617647	  0.127451	  0.127451	  0.127451	
   1.000000	  0.000000	  0.000000	  0.000000	
   1.000000	  0.000000	  0.000000	  0.000000	
   0.871287	  0.128713	  0.000000	  0.000000	
   0.750000	  0.000000	  0.250000	  0.000000	
   0.000000	  0.000000	  1.000000	  0.000000	
   0.780000	  0.160000	  0.030000	  0.030000	
   0.818182	  0.060606	  0.060606	  0.060606	
   0.617647	  0.127451	  0.127451	  0.127451	
 
 URL http://jaspar.genereg.net?ID=MA0277.1&rm=present&collection=CORE
 

MOTIF MA0357.1 PHO4
 
 letter-probability matrix: alength= 4 w= 8 nsites= 998 E= 0
   0.094188	  0.393788	  0.508016	  0.004008	
   0.097194	  0.901804	  0.000000	  0.001002	
   0.968938	  0.001002	  0.028056	  0.002004	
   0.000000	  0.913741	  0.001003	  0.085256	
   0.085256	  0.001003	  0.913741	  0.000000	
   0.002004	  0.028056	  0.001002	  0.968938	
   0.001002	  0.000000	  0.901804	  0.097194	
   0.004008	  0.508016	  0.393788	  0.094188	
 
 URL http://jaspar.genereg.net?ID=MA0357.1&rm=present&collection=CORE
 

MOTIF MA1086.1 WRKY43
 
 letter-probability matrix: alength= 4 w= 10 nsites= 1000 E= 0
   0.373626	  0.212787	  0.168831	  0.244755	
   0.508492	  0.091908	  0.341658	  0.057942	
   0.053000	  0.018000	  0.877000	  0.052000	
   0.074000	  0.014000	  0.004000	  0.908000	
   0.086913	  0.891109	  0.010989	  0.010989	
   0.798000	  0.062000	  0.061000	  0.079000	
   0.765766	  0.032032	  0.131131	  0.071071	
   0.256000	  0.460000	  0.108000	  0.176000	
   0.331668	  0.195804	  0.309690	  0.162837	
   0.231000	  0.311000	  0.218000	  0.240000	
 
 URL http://jaspar.genereg.net?ID=MA1086.1&rm=present&collection=CORE
 

MOTIF MA0960.1 BHLH104
 
 letter-probability matrix: alength= 4 w= 10 nsites= 1000 E= 0
   0.130000	  0.026000	  0.822000	  0.022000	
   0.015000	  0.074000	  0.866000	  0.045000	
   0.006000	  0.994000	  0.000000	  0.000000	
   0.996000	  0.000000	  0.004000	  0.000000	
   0.000000	  0.999000	  0.000000	  0.001000	
   0.001000	  0.000000	  0.999000	  0.000000	
   0.000000	  0.004000	  0.000000	  0.996000	
   0.000000	  0.000000	  0.994000	  0.006000	
   0.045000	  0.866000	  0.074000	  0.015000	
   0.022000	  0.822000	  0.026000	  0.130000	
 
 URL http://jaspar.genereg.net?ID=MA0960.1&rm=present&collection=CORE
 

MOTIF MA1088.1 WRKY48
 
 letter-probability matrix: alength= 4 w= 10 nsites= 1000 E= 0
   0.262262	  0.237237	  0.265265	  0.235235	
   0.262737	  0.230769	  0.251748	  0.254745	
   0.325674	  0.153846	  0.409590	  0.110889	
   0.021000	  0.000000	  0.869000	  0.110000	
   0.021021	  0.000000	  0.000000	  0.978979	
   0.063000	  0.930000	  0.001000	  0.006000	
   0.662000	  0.145000	  0.066000	  0.127000	
   0.537463	  0.075924	  0.227772	  0.158841	
   0.269000	  0.386000	  0.155000	  0.190000	
   0.234000	  0.232000	  0.313000	  0.221000	
 
 URL http://jaspar.genereg.net?ID=MA1088.1&rm=present&collection=CORE
 

MOTIF MA0436.1 YPR022C
 
 letter-probability matrix: alength= 4 w= 7 nsites= 100 E= 0
   0.148515	  0.653465	  0.000000	  0.198020	
   0.000000	  1.000000	  0.000000	  0.000000	
   0.000000	  1.000000	  0.000000	  0.000000	
   0.000000	  1.000000	  0.000000	  0.000000	
   1.000000	  0.000000	  0.000000	  0.000000	
   0.000000	  1.000000	  0.000000	  0.000000	
   0.227723	  0.257426	  0.336634	  0.178218	
 
 URL http://jaspar.genereg.net?ID=MA0436.1&rm=present&collection=CORE
 

MOTIF MA0470.1 E2F4
 
 letter-probability matrix: alength= 4 w= 11 nsites= 1878 E= 0
   0.144835	  0.197018	  0.451544	  0.206603	
   0.082535	  0.271565	  0.645900	  0.000000	
   0.000000	  0.005857	  0.994143	  0.000000	
   0.000000	  1.000000	  0.000000	  0.000000	
   0.000000	  0.000000	  1.000000	  0.000000	
   0.014377	  0.116081	  0.869542	  0.000000	
   0.007987	  0.021832	  0.970181	  0.000000	
   0.960064	  0.000000	  0.039936	  0.000000	
   0.667199	  0.000000	  0.332801	  0.000000	
   0.379127	  0.185836	  0.383387	  0.051651	
   0.267838	  0.209265	  0.328009	  0.194888	
 
 URL http://jaspar.genereg.net?ID=MA0470.1&rm=present&collection=CORE
 

MOTIF MA1077.1 WRKY18
 
 letter-probability matrix: alength= 4 w= 10 nsites= 1000 E= 0
   0.290000	  0.262000	  0.204000	  0.244000	
   0.257742	  0.278721	  0.151848	  0.311688	
   0.391608	  0.015984	  0.584416	  0.007992	
   0.000999	  0.000999	  0.987013	  0.010989	
   0.000000	  0.000000	  0.002002	  0.997998	
   0.001000	  0.997000	  0.000000	  0.002000	
   0.985000	  0.008000	  0.002000	  0.005000	
   0.963037	  0.009990	  0.010989	  0.015984	
   0.186000	  0.372000	  0.289000	  0.153000	
   0.212212	  0.254254	  0.398398	  0.135135	
 
 URL http://jaspar.genereg.net?ID=MA1077.1&rm=present&collection=CORE
 

MOTIF MA1021.1 PHYPADRAFT_48267
 
 letter-probability matrix: alength= 4 w= 8 nsites= 1001 E= 0
   0.154000	  0.461000	  0.154000	  0.231000	
   0.000999	  0.997003	  0.000999	  0.000999	
   0.997003	  0.000999	  0.000999	  0.000999	
   0.000999	  0.997003	  0.000999	  0.000999	
   0.052947	  0.000999	  0.945055	  0.000999	
   0.000999	  0.000999	  0.000999	  0.997003	
   0.000999	  0.000999	  0.997003	  0.000999	
   0.143000	  0.642000	  0.072000	  0.143000	
 
 URL http://jaspar.genereg.net?ID=MA1021.1&rm=present&collection=CORE
 

MOTIF MA0632.1 Tcfl5
 
 letter-probability matrix: alength= 4 w= 10 nsites= 1000 E= 0
   0.263000	  0.203000	  0.308000	  0.226000	
   0.113000	  0.227000	  0.364000	  0.296000	
   0.058000	  0.874000	  0.017000	  0.051000	
   0.372372	  0.064064	  0.336336	  0.227227	
   0.006000	  0.904000	  0.019000	  0.071000	
   0.071000	  0.019000	  0.904000	  0.006000	
   0.227227	  0.336336	  0.064064	  0.372372	
   0.051000	  0.017000	  0.874000	  0.058000	
   0.296000	  0.364000	  0.227000	  0.113000	
   0.226000	  0.308000	  0.203000	  0.263000	
 
 URL http://jaspar.genereg.net?ID=MA0632.1&rm=present&collection=CORE
 

MOTIF MA0963.1 BHLH78
 
 letter-probability matrix: alength= 4 w= 8 nsites= 1001 E= 0
   0.009990	  0.009990	  0.970030	  0.009990	
   0.009990	  0.970030	  0.009990	  0.009990	
   0.970030	  0.009990	  0.009990	  0.009990	
   0.009990	  0.970030	  0.009990	  0.009990	
   0.009990	  0.009990	  0.970030	  0.009990	
   0.009990	  0.009990	  0.009990	  0.970030	
   0.009990	  0.009990	  0.970030	  0.009990	
   0.009990	  0.970030	  0.009990	  0.009990	
 
 URL http://jaspar.genereg.net?ID=MA0963.1&rm=present&collection=CORE
 

MOTIF MA0980.1 RAP2-10
 
 letter-probability matrix: alength= 4 w= 8 nsites= 1000 E= 0
   0.032967	  0.127872	  0.756244	  0.082917	
   0.022000	  0.942000	  0.014000	  0.022000	
   0.116883	  0.004995	  0.871129	  0.006993	
   0.006000	  0.912000	  0.078000	  0.004000	
   0.004000	  0.981000	  0.009000	  0.006000	
   0.009000	  0.007000	  0.952000	  0.032000	
   0.008000	  0.838000	  0.085000	  0.069000	
   0.033000	  0.859000	  0.016000	  0.092000	
 
 URL http://jaspar.genereg.net?ID=MA0980.1&rm=present&collection=CORE
 

MOTIF MA0128.1 EmBP-1
 
 letter-probability matrix: alength= 4 w= 8 nsites= 13 E= 0
   0.692308	  0.000000	  0.000000	  0.307692	
   0.076923	  0.538462	  0.307692	  0.076923	
   1.000000	  0.000000	  0.000000	  0.000000	
   0.000000	  0.923077	  0.000000	  0.076923	
   0.000000	  0.000000	  1.000000	  0.000000	
   0.000000	  0.000000	  0.000000	  1.000000	
   0.000000	  0.076923	  0.923077	  0.000000	
   0.000000	  0.076923	  0.923077	  0.000000	
 
 URL http://jaspar.genereg.net?ID=MA0128.1&rm=present&collection=CORE
 

MOTIF MA0753.1 ZNF740
 
 letter-probability matrix: alength= 4 w= 10 nsites= 2495 E= 0
   0.273826	  0.462576	  0.177592	  0.086007	
   0.077809	  0.853910	  0.010719	  0.057563	
   0.062048	  0.914152	  0.002975	  0.020824	
   0.009485	  0.971545	  0.003613	  0.015357	
   0.009025	  0.970668	  0.005415	  0.014892	
   0.003620	  0.973303	  0.009502	  0.013575	
   0.023400	  0.949669	  0.016777	  0.010155	
   0.045264	  0.901509	  0.009640	  0.043588	
   0.680266	  0.185642	  0.036053	  0.098039	
   0.124568	  0.618815	  0.052934	  0.203682	
 
 URL http://jaspar.genereg.net?ID=MA0753.1&rm=present&collection=CORE
 

MOTIF MA0147.2 Myc
 
 letter-probability matrix: alength= 4 w= 10 nsites= 5335 E= 0
   0.221368	  0.684161	  0.094470	  0.000000	
   0.000000	  1.000000	  0.000000	  0.000000	
   1.000000	  0.000000	  0.000000	  0.000000	
   0.000000	  0.430178	  0.000000	  0.569822	
   0.000000	  0.000000	  1.000000	  0.000000	
   0.000000	  0.000000	  0.000000	  1.000000	
   0.000000	  0.000000	  1.000000	  0.000000	
   0.009185	  0.430553	  0.390066	  0.170197	
   0.158950	  0.203749	  0.104217	  0.533083	
   0.015370	  0.351828	  0.150141	  0.482662	
 
 URL http://jaspar.genereg.net?ID=MA0147.2&rm=present&collection=CORE
 

MOTIF MA0822.1 HES7
 
 letter-probability matrix: alength= 4 w= 12 nsites= 1897 E= 0
   0.090129	  0.423820	  0.023069	  0.462983	
   0.012565	  0.009948	  0.975916	  0.001571	
   0.077859	  0.014112	  0.907056	  0.000973	
   0.000535	  0.997859	  0.000000	  0.001606	
   0.994664	  0.001601	  0.003735	  0.000000	
   0.000000	  1.000000	  0.000000	  0.000000	
   0.002139	  0.000535	  0.996791	  0.000535	
   0.001603	  0.001603	  0.000534	  0.996259	
   0.001071	  0.000536	  0.998393	  0.000000	
   0.004061	  0.946193	  0.002538	  0.047208	
   0.000000	  0.990436	  0.004782	  0.004782	
   0.507511	  0.025215	  0.393777	  0.073498	
 
 URL http://jaspar.genereg.net?ID=MA0822.1&rm=present&collection=CORE
 

MOTIF MA0041.1 Foxd3
 
 letter-probability matrix: alength= 4 w= 12 nsites= 47 E= 0
   0.234043	  0.063830	  0.553191	  0.148936	
   0.638298	  0.042553	  0.000000	  0.319149	
   0.510638	  0.021277	  0.000000	  0.468085	
   0.021277	  0.085106	  0.000000	  0.893617	
   0.255319	  0.000000	  0.723404	  0.021277	
   0.000000	  0.000000	  0.000000	  1.000000	
   0.021277	  0.000000	  0.000000	  0.978723	
   0.106383	  0.000000	  0.212766	  0.680851	
   0.297872	  0.000000	  0.446809	  0.255319	
   0.127660	  0.148936	  0.000000	  0.723404	
   0.021277	  0.042553	  0.085106	  0.851064	
   0.000000	  0.255319	  0.000000	  0.744681	
 
 URL http://jaspar.genereg.net?ID=MA0041.1&rm=present&collection=CORE
 

MOTIF MA0163.1 PLAG1
 
 letter-probability matrix: alength= 4 w= 14 nsites= 18 E= 0
   0.000000	  0.000000	  1.000000	  0.000000	
   0.166667	  0.000000	  0.777778	  0.055556	
   0.000000	  0.000000	  1.000000	  0.000000	
   0.000000	  0.000000	  0.944444	  0.055556	
   0.000000	  0.777778	  0.222222	  0.000000	
   0.000000	  0.833333	  0.055556	  0.111111	
   0.222222	  0.555556	  0.055556	  0.166667	
   0.666667	  0.000000	  0.000000	  0.333333	
   0.611111	  0.277778	  0.111111	  0.000000	
   0.111111	  0.000000	  0.777778	  0.111111	
   0.000000	  0.000000	  1.000000	  0.000000	
   0.000000	  0.000000	  1.000000	  0.000000	
   0.000000	  0.000000	  0.888889	  0.111111	
   0.111111	  0.000000	  0.888889	  0.000000	
 
 URL http://jaspar.genereg.net?ID=MA0163.1&rm=present&collection=CORE
 

MOTIF MA0576.1 RAX3
 
 letter-probability matrix: alength= 4 w= 13 nsites= 100 E= 0
   0.220000	  0.180000	  0.420000	  0.180000	
   0.000000	  0.140000	  0.860000	  0.000000	
   0.180000	  0.040000	  0.780000	  0.000000	
   0.140000	  0.090000	  0.550000	  0.220000	
   0.000000	  0.000000	  1.000000	  0.000000	
   0.000000	  0.000000	  1.000000	  0.000000	
   0.000000	  0.000000	  0.000000	  1.000000	
   0.780000	  0.040000	  0.040000	  0.140000	
   0.000000	  0.000000	  1.000000	  0.000000	
   0.000000	  0.000000	  1.000000	  0.000000	
   0.000000	  0.000000	  0.000000	  1.000000	
   0.000000	  0.000000	  0.960000	  0.040000	
   0.040000	  0.320000	  0.600000	  0.040000	
 
 URL http://jaspar.genereg.net?ID=MA0576.1&rm=present&collection=CORE
 

MOTIF MA0059.1 MAX::MYC
 
 letter-probability matrix: alength= 4 w= 11 nsites= 21 E= 0
   0.333333	  0.047619	  0.428571	  0.190476	
   0.714286	  0.047619	  0.190476	  0.047619	
   0.095238	  0.428571	  0.428571	  0.047619	
   0.047619	  0.952381	  0.000000	  0.000000	
   1.000000	  0.000000	  0.000000	  0.000000	
   0.000000	  0.952381	  0.000000	  0.047619	
   0.047619	  0.000000	  0.952381	  0.000000	
   0.000000	  0.047619	  0.000000	  0.952381	
   0.000000	  0.000000	  1.000000	  0.000000	
   0.047619	  0.047619	  0.857143	  0.047619	
   0.142857	  0.238095	  0.000000	  0.619048	
 
 URL http://jaspar.genereg.net?ID=MA0059.1&rm=present&collection=CORE
 

MOTIF MA0108.2 TBP
 
 letter-probability matrix: alength= 4 w= 15 nsites= 389 E= 0
   0.156812	  0.372751	  0.390746	  0.079692	
   0.041131	  0.118252	  0.046272	  0.794344	
   0.904884	  0.000000	  0.005141	  0.089974	
   0.007712	  0.025707	  0.005141	  0.961440	
   0.910026	  0.000000	  0.012853	  0.077121	
   0.688946	  0.000000	  0.000000	  0.311054	
   0.925450	  0.007712	  0.051414	  0.015424	
   0.570694	  0.005141	  0.113111	  0.311054	
   0.398458	  0.113111	  0.403599	  0.084833	
   0.143959	  0.347044	  0.385604	  0.123393	
   0.213368	  0.377892	  0.329049	  0.079692	
   0.210797	  0.326478	  0.329049	  0.133676	
   0.210797	  0.303342	  0.329049	  0.156812	
   0.174807	  0.275064	  0.357326	  0.192802	
   0.197943	  0.259640	  0.359897	  0.182519	
 
 URL http://jaspar.genereg.net?ID=MA0108.2&rm=present&collection=CORE
 

MOTIF MA1053.1 ERF109
 
 letter-probability matrix: alength= 4 w= 8 nsites= 1000 E= 0
   0.038038	  0.287287	  0.661662	  0.013013	
   0.050000	  0.936000	  0.008000	  0.006000	
   0.003000	  0.005000	  0.989000	  0.003000	
   0.003000	  0.827000	  0.168000	  0.002000	
   0.013000	  0.982000	  0.002000	  0.003000	
   0.004000	  0.013000	  0.978000	  0.005000	
   0.038038	  0.862863	  0.013013	  0.086086	
   0.207000	  0.773000	  0.002000	  0.018000	
 
 URL http://jaspar.genereg.net?ID=MA1053.1&rm=present&collection=CORE
 

MOTIF MA0617.1 Id2
 
 letter-probability matrix: alength= 4 w= 8 nsites= 999 E= 0
   0.278000	  0.167000	  0.499000	  0.056000	
   0.000000	  1.000000	  0.000000	  0.000000	
   1.000000	  0.000000	  0.000000	  0.000000	
   0.000000	  1.000000	  0.000000	  0.000000	
   0.000000	  0.000000	  1.000000	  0.000000	
   0.000000	  0.000000	  0.000000	  1.000000	
   0.000000	  0.000000	  1.000000	  0.000000	
   0.499500	  0.045954	  0.272727	  0.181818	
 
 URL http://jaspar.genereg.net?ID=MA0617.1&rm=present&collection=CORE
 

MOTIF MA0493.1 Klf1
 
 letter-probability matrix: alength= 4 w= 11 nsites= 526 E= 0
   0.285171	  0.144487	  0.384030	  0.186312	
   0.317490	  0.076046	  0.579848	  0.026616	
   0.127376	  0.752852	  0.060837	  0.058935	
   0.024715	  0.876426	  0.000000	  0.098859	
   0.768061	  0.224335	  0.000000	  0.007605	
   0.000000	  1.000000	  0.000000	  0.000000	
   0.760456	  0.000000	  0.184411	  0.055133	
   0.000000	  1.000000	  0.000000	  0.000000	
   0.000000	  1.000000	  0.000000	  0.000000	
   0.000000	  0.965779	  0.000000	  0.034221	
   0.532319	  0.066540	  0.000000	  0.401141	
 
 URL http://jaspar.genereg.net?ID=MA0493.1&rm=present&collection=CORE
 

MOTIF MA0740.1 KLF14
 
 letter-probability matrix: alength= 4 w= 14 nsites= 2201 E= 0
   0.186632	  0.093316	  0.419271	  0.300781	
   0.332047	  0.020116	  0.628272	  0.019565	
   0.220453	  0.569992	  0.040235	  0.169321	
   0.000000	  0.861066	  0.005385	  0.133549	
   0.895648	  0.071316	  0.030414	  0.002622	
   0.001250	  0.997500	  0.000000	  0.001250	
   0.022439	  0.011707	  0.955772	  0.010081	
   0.000000	  0.998131	  0.001869	  0.000000	
   0.000000	  0.994420	  0.001860	  0.003720	
   0.000000	  0.958880	  0.002384	  0.038737	
   0.418958	  0.562317	  0.000585	  0.018139	
   0.015466	  0.707105	  0.007250	  0.270179	
   0.139721	  0.296407	  0.044411	  0.519461	
   0.192353	  0.219621	  0.093065	  0.494961	
 
 URL http://jaspar.genereg.net?ID=MA0740.1&rm=present&collection=CORE
 

MOTIF MA0073.1 RREB1
 
 letter-probability matrix: alength= 4 w= 20 nsites= 11 E= 0
   0.272727	  0.727273	  0.000000	  0.000000	
   0.090909	  0.909091	  0.000000	  0.000000	
   0.272727	  0.727273	  0.000000	  0.000000	
   0.000000	  1.000000	  0.000000	  0.000000	
   0.636364	  0.363636	  0.000000	  0.000000	
   0.818182	  0.181818	  0.000000	  0.000000	
   0.727273	  0.272727	  0.000000	  0.000000	
   0.363636	  0.545455	  0.000000	  0.090909	
   0.000000	  1.000000	  0.000000	  0.000000	
   1.000000	  0.000000	  0.000000	  0.000000	
   0.363636	  0.636364	  0.000000	  0.000000	
   0.090909	  0.909091	  0.000000	  0.000000	
   0.272727	  0.727273	  0.000000	  0.000000	
   0.363636	  0.545455	  0.090909	  0.000000	
   0.181818	  0.818182	  0.000000	  0.000000	
   0.363636	  0.454545	  0.000000	  0.181818	
   0.363636	  0.454545	  0.090909	  0.090909	
   0.363636	  0.545455	  0.000000	  0.090909	
   0.090909	  0.636364	  0.272727	  0.000000	
   0.363636	  0.363636	  0.181818	  0.090909	
 
 URL http://jaspar.genereg.net?ID=MA0073.1&rm=present&collection=CORE
 

MOTIF MA1089.1 WRKY57
 
 letter-probability matrix: alength= 4 w= 10 nsites= 1000 E= 0
   0.398000	  0.177000	  0.202000	  0.223000	
   0.408000	  0.173000	  0.161000	  0.258000	
   0.498501	  0.075924	  0.311688	  0.113886	
   0.038000	  0.017000	  0.870000	  0.075000	
   0.030030	  0.000000	  0.000000	  0.969970	
   0.052000	  0.914000	  0.007000	  0.027000	
   0.879000	  0.048000	  0.023000	  0.050000	
   0.817000	  0.014000	  0.113000	  0.056000	
   0.260000	  0.508000	  0.087000	  0.145000	
   0.199199	  0.207207	  0.386386	  0.207207	
 
 URL http://jaspar.genereg.net?ID=MA1089.1&rm=present&collection=CORE
 

MOTIF MA0599.1 KLF5
 
 letter-probability matrix: alength= 4 w= 10 nsites= 13611 E= 0
   0.104989	  0.148630	  0.556315	  0.190067	
   0.000000	  0.874293	  0.000000	  0.125707	
   0.000000	  0.882228	  0.000000	  0.117772	
   0.255455	  0.703034	  0.000000	  0.041511	
   0.000000	  1.000000	  0.000000	  0.000000	
   0.371097	  0.000000	  0.380721	  0.248182	
   0.000000	  1.000000	  0.000000	  0.000000	
   0.000000	  1.000000	  0.000000	  0.000000	
   0.000000	  0.965028	  0.000000	  0.034972	
   0.287635	  0.411065	  0.000000	  0.301300	
 
 URL http://jaspar.genereg.net?ID=MA0599.1&rm=present&collection=CORE
 

MOTIF MA0825.1 MNT
 
 letter-probability matrix: alength= 4 w= 10 nsites= 694 E= 0
   0.409692	  0.187959	  0.212922	  0.189427	
   0.274596	  0.334802	  0.298091	  0.092511	
   0.037868	  0.955119	  0.000000	  0.007013	
   0.970085	  0.000000	  0.000000	  0.029915	
   0.000000	  0.967330	  0.009943	  0.022727	
   0.021552	  0.000000	  0.978448	  0.000000	
   0.000000	  0.000000	  0.021552	  0.978448	
   0.000000	  0.000000	  0.964589	  0.035411	
   0.219941	  0.412023	  0.192082	  0.175953	
   0.233138	  0.335777	  0.109971	  0.321114	
 
 URL http://jaspar.genereg.net?ID=MA0825.1&rm=present&collection=CORE
 

MOTIF MA0497.1 MEF2C
 
 letter-probability matrix: alength= 4 w= 15 nsites= 2209 E= 0
   0.319149	  0.145315	  0.306021	  0.229516	
   0.331824	  0.068357	  0.259393	  0.340426	
   0.195111	  0.088728	  0.372114	  0.344047	
   0.172929	  0.639203	  0.035310	  0.152558	
   0.000000	  0.445903	  0.000000	  0.554097	
   0.731553	  0.115890	  0.033499	  0.119058	
   0.772295	  0.014486	  0.109099	  0.104120	
   0.953825	  0.000000	  0.039384	  0.006790	
   0.964690	  0.000000	  0.000905	  0.034405	
   0.966501	  0.000000	  0.001811	  0.031689	
   0.025351	  0.028067	  0.000000	  0.946582	
   0.985514	  0.000000	  0.014486	  0.000000	
   0.176098	  0.054323	  0.756451	  0.013128	
   0.441376	  0.378452	  0.066999	  0.113173	
   0.456768	  0.203712	  0.057039	  0.282481	
 
 URL http://jaspar.genereg.net?ID=MA0497.1&rm=present&collection=CORE
 

MOTIF MA0535.1 Mad
 
 letter-probability matrix: alength= 4 w= 15 nsites= 102 E= 0
   0.000000	  0.470588	  0.460784	  0.068627	
   0.343137	  0.254902	  0.127451	  0.274510	
   0.000000	  0.137255	  0.862745	  0.000000	
   0.343137	  0.000000	  0.549020	  0.107843	
   0.000000	  1.000000	  0.000000	  0.000000	
   0.000000	  0.000000	  1.000000	  0.000000	
   0.225490	  0.637255	  0.000000	  0.137255	
   0.000000	  0.696078	  0.303922	  0.000000	
   0.284314	  0.000000	  0.715686	  0.000000	
   0.284314	  0.382353	  0.333333	  0.000000	
   0.107843	  0.519608	  0.245098	  0.127451	
   0.284314	  0.000000	  0.715686	  0.000000	
   0.117647	  0.470588	  0.264706	  0.147059	
   0.313725	  0.333333	  0.156863	  0.196078	
   0.107843	  0.274510	  0.617647	  0.000000	
 
 URL http://jaspar.genereg.net?ID=MA0535.1&rm=present&collection=CORE
 

MOTIF MA0807.1 TBX5
 
 letter-probability matrix: alength= 4 w= 8 nsites= 2380 E= 0
   0.719012	  0.035472	  0.163013	  0.082503	
   0.099492	  0.080440	  0.763760	  0.056308	
   0.000000	  0.000000	  0.984716	  0.015284	
   0.020969	  0.061044	  0.077353	  0.840634	
   0.014746	  0.000000	  0.985254	  0.000000	
   0.067726	  0.094064	  0.084030	  0.754181	
   0.036406	  0.177983	  0.521237	  0.264374	
   0.719872	  0.030327	  0.136872	  0.112929	
 
 URL http://jaspar.genereg.net?ID=MA0807.1&rm=present&collection=CORE
 

MOTIF MA0517.1 STAT1::STAT2
 
 letter-probability matrix: alength= 4 w= 15 nsites= 620 E= 0
   0.111290	  0.101613	  0.124194	  0.662903	
   0.241935	  0.370968	  0.135484	  0.251613	
   0.693548	  0.011290	  0.243548	  0.051613	
   0.004839	  0.238710	  0.753226	  0.003226	
   0.000000	  0.003226	  0.000000	  0.996774	
   0.004839	  0.003226	  0.000000	  0.991935	
   0.004839	  0.020968	  0.006452	  0.967742	
   0.000000	  0.937097	  0.000000	  0.062903	
   0.411290	  0.120968	  0.308065	  0.159677	
   0.172581	  0.179032	  0.259677	  0.388710	
   0.006452	  0.020968	  0.016129	  0.956452	
   0.016129	  0.003226	  0.000000	  0.980645	
   0.006452	  0.274194	  0.006452	  0.712903	
   0.024194	  0.788710	  0.014516	  0.172581	
   0.045161	  0.588710	  0.058065	  0.308065	
 
 URL http://jaspar.genereg.net?ID=MA0517.1&rm=present&collection=CORE
 

MOTIF MA1078.1 WRKY2
 
 letter-probability matrix: alength= 4 w= 8 nsites= 1000 E= 0
   0.115000	  0.393000	  0.246000	  0.246000	
   0.276723	  0.010989	  0.712288	  0.000000	
   0.000000	  0.000000	  1.000000	  0.000000	
   0.000000	  0.000000	  0.000000	  1.000000	
   0.000000	  1.000000	  0.000000	  0.000000	
   0.961962	  0.019019	  0.019019	  0.000000	
   0.806000	  0.000000	  0.163000	  0.031000	
   0.271000	  0.528000	  0.072000	  0.129000	
 
 URL http://jaspar.genereg.net?ID=MA1078.1&rm=present&collection=CORE
 

MOTIF MA0011.1 br(var.2)
 
 letter-probability matrix: alength= 4 w= 8 nsites= 12 E= 0
   0.250000	  0.083333	  0.083333	  0.583333	
   0.416667	  0.166667	  0.083333	  0.333333	
   0.000000	  0.833333	  0.000000	  0.166667	
   0.000000	  0.083333	  0.000000	  0.916667	
   1.000000	  0.000000	  0.000000	  0.000000	
   0.083333	  0.083333	  0.166667	  0.666667	
   0.166667	  0.000000	  0.083333	  0.750000	
   0.083333	  0.166667	  0.083333	  0.666667	
 
 URL http://jaspar.genereg.net?ID=MA0011.1&rm=present&collection=CORE
 

MOTIF MA0376.1 RTG3
 
 letter-probability matrix: alength= 4 w= 20 nsites= 998 E= 0
   0.393788	  0.145291	  0.330661	  0.130261	
   0.220441	  0.147295	  0.267535	  0.364729	
   0.357715	  0.322645	  0.207415	  0.112224	
   0.164329	  0.176353	  0.295591	  0.363727	
   0.156156	  0.121121	  0.250250	  0.472472	
   0.535070	  0.113226	  0.203407	  0.148297	
   0.034068	  0.027054	  0.663327	  0.275551	
   0.019038	  0.954910	  0.019038	  0.007014	
   0.906814	  0.005010	  0.081162	  0.007014	
   0.005010	  0.950902	  0.016032	  0.028056	
   0.028056	  0.016032	  0.950902	  0.005010	
   0.007014	  0.081162	  0.005010	  0.906814	
   0.007014	  0.019038	  0.954910	  0.019038	
   0.275551	  0.663327	  0.027054	  0.034068	
   0.152305	  0.332665	  0.156313	  0.358717	
   0.111222	  0.270541	  0.187375	  0.430862	
   0.398798	  0.122244	  0.276553	  0.202405	
   0.275275	  0.257257	  0.296296	  0.171171	
   0.323647	  0.165331	  0.033066	  0.477956	
   0.249499	  0.396794	  0.108216	  0.245491	
 
 URL http://jaspar.genereg.net?ID=MA0376.1&rm=present&collection=CORE
 

MOTIF MA0560.1 PIF3
 
 letter-probability matrix: alength= 4 w= 10 nsites= 527 E= 0
   0.398482	  0.049336	  0.280835	  0.271347	
   0.110057	  0.248577	  0.421252	  0.220114	
   0.036053	  0.757116	  0.178368	  0.028463	
   0.000000	  1.000000	  0.000000	  0.000000	
   1.000000	  0.000000	  0.000000	  0.000000	
   0.000000	  0.776091	  0.000000	  0.223909	
   0.000000	  0.000000	  1.000000	  0.000000	
   0.000000	  0.000000	  0.000000	  1.000000	
   0.000000	  0.000000	  1.000000	  0.000000	
   0.491461	  0.062619	  0.259962	  0.185958	
 
 URL http://jaspar.genereg.net?ID=MA0560.1&rm=present&collection=CORE
 

MOTIF MA0104.3 Mycn
 
 letter-probability matrix: alength= 4 w= 8 nsites= 1403 E= 0
   0.376336	  0.104063	  0.403421	  0.116180	
   0.000000	  0.808981	  0.191019	  0.000000	
   0.000000	  1.000000	  0.000000	  0.000000	
   1.000000	  0.000000	  0.000000	  0.000000	
   0.000000	  1.000000	  0.000000	  0.000000	
   0.119743	  0.000000	  0.880257	  0.000000	
   0.000000	  0.000000	  0.000000	  1.000000	
   0.000000	  0.000000	  1.000000	  0.000000	
 
 URL http://jaspar.genereg.net?ID=MA0104.3&rm=present&collection=CORE
 

MOTIF MA0750.1 ZBTB7A
 
 letter-probability matrix: alength= 4 w= 12 nsites= 202 E= 0
   0.169492	  0.197740	  0.389831	  0.242938	
   0.161512	  0.134021	  0.608247	  0.096220	
   0.000000	  0.912371	  0.087629	  0.000000	
   0.106061	  0.000000	  0.893939	  0.000000	
   0.772926	  0.187773	  0.004367	  0.034934	
   0.000000	  0.988827	  0.000000	  0.011173	
   0.015707	  0.926702	  0.031414	  0.026178	
   0.907692	  0.061538	  0.000000	  0.030769	
   0.000000	  1.000000	  0.000000	  0.000000	
   0.175000	  0.737500	  0.037500	  0.050000	
   0.163842	  0.158192	  0.497175	  0.180791	
   0.480000	  0.211429	  0.200000	  0.108571	
 
 URL http://jaspar.genereg.net?ID=MA0750.1&rm=present&collection=CORE
 

MOTIF MA0550.1 BZR1
 
 letter-probability matrix: alength= 4 w= 14 nsites= 153 E= 0
   0.411765	  0.392157	  0.196078	  0.000000	
   0.359477	  0.307190	  0.176471	  0.156863	
   0.196078	  0.130719	  0.339869	  0.333333	
   0.320261	  0.431373	  0.169935	  0.078431	
   0.000000	  1.000000	  0.000000	  0.000000	
   0.960784	  0.013072	  0.000000	  0.026144	
   0.039216	  0.960784	  0.000000	  0.000000	
   0.000000	  0.000000	  1.000000	  0.000000	
   0.000000	  0.000000	  0.000000	  1.000000	
   0.039216	  0.032680	  0.928105	  0.000000	
   0.274510	  0.000000	  0.254902	  0.470588	
   0.267974	  0.346405	  0.281046	  0.104575	
   0.274510	  0.398693	  0.143791	  0.183007	
   0.529412	  0.254902	  0.000000	  0.215686	
 
 URL http://jaspar.genereg.net?ID=MA0550.1&rm=present&collection=CORE
 

MOTIF MA1034.1 Os05g0497200
 
 letter-probability matrix: alength= 4 w= 8 nsites= 999 E= 0
   0.003003	  0.990991	  0.003003	  0.003003	
   0.003003	  0.003003	  0.990991	  0.003003	
   0.003003	  0.661662	  0.332332	  0.003003	
   0.003003	  0.990991	  0.003003	  0.003003	
   0.003003	  0.003003	  0.990991	  0.003003	
   0.003003	  0.990991	  0.003003	  0.003003	
   0.003003	  0.990991	  0.003003	  0.003003	
   0.495000	  0.005000	  0.495000	  0.005000	
 
 URL http://jaspar.genereg.net?ID=MA1034.1&rm=present&collection=CORE
 

MOTIF MA0589.1 ZAP1
 
 letter-probability matrix: alength= 4 w= 11 nsites= 50 E= 0
   0.000000	  0.000000	  0.000000	  1.000000	
   0.000000	  0.000000	  0.000000	  1.000000	
   0.000000	  0.000000	  1.000000	  0.000000	
   1.000000	  0.000000	  0.000000	  0.000000	
   0.000000	  1.000000	  0.000000	  0.000000	
   0.020000	  0.940000	  0.020000	  0.020000	
   0.040000	  0.100000	  0.800000	  0.060000	
   0.640000	  0.220000	  0.080000	  0.060000	
   0.040000	  0.140000	  0.740000	  0.080000	
   0.040816	  0.571429	  0.102041	  0.285714	
   0.173913	  0.434783	  0.108696	  0.282609	
 
 URL http://jaspar.genereg.net?ID=MA0589.1&rm=present&collection=CORE
 

MOTIF MA1025.1 HBI1
 
 letter-probability matrix: alength= 4 w= 12 nsites= 1000 E= 0
   0.229000	  0.313000	  0.229000	  0.229000	
   0.229000	  0.229000	  0.313000	  0.229000	
   0.132000	  0.240000	  0.315000	  0.313000	
   0.024000	  0.106000	  0.762000	  0.108000	
   0.000000	  1.000000	  0.000000	  0.000000	
   1.000000	  0.000000	  0.000000	  0.000000	
   0.000000	  0.904905	  0.000000	  0.095095	
   0.000000	  0.000000	  1.000000	  0.000000	
   0.021021	  0.021021	  0.021021	  0.936937	
   0.021021	  0.021021	  0.936937	  0.021021	
   0.202000	  0.485000	  0.195000	  0.118000	
   0.226000	  0.226000	  0.226000	  0.322000	
 
 URL http://jaspar.genereg.net?ID=MA1025.1&rm=present&collection=CORE
 

MOTIF MA0538.1 daf-12
 
 letter-probability matrix: alength= 4 w= 15 nsites= 156 E= 0
   0.141026	  0.128205	  0.724359	  0.006410	
   0.455128	  0.000000	  0.083333	  0.461538	
   0.211538	  0.000000	  0.788462	  0.000000	
   0.147436	  0.333333	  0.038462	  0.480769	
   0.000000	  0.000000	  1.000000	  0.000000	
   0.000000	  0.333333	  0.000000	  0.666667	
   0.000000	  0.000000	  1.000000	  0.000000	
   0.096154	  0.160256	  0.089744	  0.653846	
   0.000000	  0.128205	  0.621795	  0.250000	
   0.006410	  0.000000	  0.000000	  0.993590	
   0.000000	  0.006410	  0.987179	  0.006410	
   0.000000	  0.506410	  0.102564	  0.391026	
   0.205128	  0.000000	  0.538462	  0.256410	
   0.108974	  0.128205	  0.179487	  0.583333	
   0.108974	  0.275641	  0.358974	  0.256410	
 
 URL http://jaspar.genereg.net?ID=MA0538.1&rm=present&collection=CORE
 

